rep	gen	x	y	Nf	Nm	W	Wstd	Homoz	Hstd	DelMut	DelMutSd
0	0	0	0	9	9	0.986714	0.0204326	0	0	0.555556	0.684935
0	0	0	1	11	8	0.985843	0.0132074	0	0	1.26316	0.908562
0	0	1	0	6	9	0.987941	0.0161462	0	0	0.8	0.909212
0	0	1	1	14	4	0.984678	0.0218066	0	0	0.833333	0.957427
0	10	0	0	3	12	0.863266	0.0584681	0.2692	0.0766004	9.8	2.34379
0	10	0	1	18	4	0.82195	0.0463719	0.239636	0.0969642	11.8636	3.52001
0	10	1	0	13	4	0.851487	0.0373384	0.196706	0.080226	7.41176	2.32781
0	10	1	1	9	9	0.861111	0.0686374	0.250444	0.115951	7.11111	2.64342
0	20	0	0	10	13	0.730409	0.0818085	0.23487	0.0617705	17.9565	3.8615
0	20	0	1	12	14	0.714972	0.0632955	0.561692	0.0773796	19.4615	3.33087
0	20	1	0	10	15	0.764576	0.0603417	0.27192	0.0757585	15.36	2.84084
0	20	1	1	10	11	0.72856	0.0688549	0.393143	0.0676646	16.5238	3.58062
0	30	0	0	14	5	0.765503	0.073861	0.529053	0.0461547	18.5263	3.135
0	30	0	1	8	13	0.64904	0.0758666	0.48619	0.0896148	29.1905	3.9475
0	30	1	0	11	6	0.733429	0.0707436	0.518941	0.0684934	17.1765	3.53529
0	30	1	1	8	10	0.663462	0.0812638	0.666111	0.0505546	20.5	3.14907
0	40	0	0	10	7	0.679208	0.063479	0.525765	0.0581757	27.5882	4.22957
0	40	0	1	9	16	0.558258	0.0672419	0.57264	0.0439517	33.48	5.17007
0	40	1	0	9	8	0.648183	0.0587083	0.474	0.0465264	28.9412	4.6078
0	40	1	1	8	10	0.701862	0.0574419	0.723667	0.0216359	24.0556	3.50353
0	50	0	0	7	10	0.52486	0.062498	0.621412	0.0921885	33.5882	3.74258
0	50	0	1	9	10	0.537765	0.0986582	0.570421	0.103103	34.4737	5.49994
0	50	1	0	9	15	0.580879	0.0910878	0.585417	0.138624	31.7917	4.43452
0	50	1	1	10	11	0.599419	0.0825736	0.574667	0.0295511	29.4762	2.10711
0	60	0	0	13	8	0.535334	0.0429763	0.517905	0.0976963	39.381	3.01546
0	60	0	1	11	11	0.569823	0.0834012	0.532	0.0590439	35.5455	5.06079
0	60	1	0	9	13	0.537746	0.0698605	0.655091	0.0726654	36.5	2.88806
0	60	1	1	9	12	0.53807	0.0935282	0.674952	0.0501412	33.9048	3.97498
0	70	0	0	8	9	0.422094	0.0542813	0.564235	0.0395795	40.6471	4.81348
0	70	0	1	7	10	0.493236	0.0665651	0.604588	0.025766	35.3529	4.26947
0	70	1	0	12	10	0.57489	0.0705329	0.452636	0.179657	40.9091	4.46103
0	70	1	1	7	11	0.569816	0.0601093	0.762444	0.0177333	36.7778	3.85221
0	80	0	0	8	13	0.378966	0.0522279	0.690762	0.0276611	46.3333	4.6428
0	80	0	1	13	9	0.504151	0.0528071	0.720273	0.0461196	36.2273	3.54108
0	80	1	0	12	5	0.528271	0.046156	0.541176	0.0846975	42.1765	5.24949
0	80	1	1	11	8	0.478238	0.0732632	0.636842	0.0458019	43.9474	6.09982
0	90	0	0	13	10	0.376758	0.0507221	0.750957	0.0193985	51.3913	3.73862
0	90	0	1	10	7	0.441631	0.065264	0.794471	0.0191407	39.5882	4.70368
0	90	1	0	11	12	0.496818	0.0673453	0.557739	0.0905429	46.6087	5.84391
0	90	1	1	12	5	0.429135	0.0695713	0.728	0.0332265	42.9412	6.65512
0	100	0	0	7	13	0.362699	0.0592216	0.7786	0.0293809	50.85	3.0541
0	100	0	1	11	9	0.336414	0.0463348	0.7442	0.0333641	56.05	5.23904
0	100	1	0	11	10	0.473557	0.0658866	0.72181	0.0414127	44.5714	3.83681
0	100	1	1	13	8	0.391349	0.0635668	0.802286	0.0307945	42.8571	5.24891
0	110	0	0	7	11	0.298683	0.0567059	0.818222	0.0272347	56.5	3.77492
0	110	0	1	13	9	0.322532	0.0404205	0.817636	0.0200602	55.7273	3.7195
0	110	1	0	9	12	0.469359	0.0498868	0.786286	0.0153348	44.9048	4.20776
0	110	1	1	4	11	0.365345	0.0546119	0.8688	0.0129779	47.8	3.05941
0	120	0	0	6	8	0.338474	0.0386547	0.712571	0.0473071	66.2857	6.81834
0	120	0	1	10	10	0.266631	0.0475186	0.8466	0.0210912	60.9	4.65725
0	120	1	0	9	11	0.449402	0.037915	0.8433	0.00741013	43.95	3.748
0	120	1	1	14	11	0.374486	0.0406339	0.90864	0.010099	45.32	3.18396
0	130	0	0	12	6	0.324915	0.0492033	0.744333	0.0432114	63.3889	6.92932
0	130	0	1	2	5	0.227504	0.0336371	0.885143	0.0103016	56.5714	3.15582
0	130	1	0	15	13	0.399809	0.0479328	0.889786	0.0188932	44.5	3.48978
0	130	1	1	8	13	0.312386	0.0502115	0.91381	0.0131208	52.2381	5.28164
0	140	0	0	14	8	0.353117	0.0701046	0.702909	0.0808044	69.0455	10.5722
0	140	0	1	8	6	0.340728	0.0357256	0.711714	0.0658911	65.9286	9.77215
0	140	1	0	11	10	0.360307	0.0635253	0.913238	0.0150235	49.0952	3.77844
0	140	1	1	8	12	0.332106	0.0490499	0.6369	0.142737	69	7.79102
0	150	0	0	14	11	0.35584	0.0430166	0.69504	0.053364	70.08	5.90539
0	150	0	1	10	8	0.334282	0.0334792	0.730667	0.0398664	67.3889	6.11136
0	150	1	0	9	13	0.349506	0.0489815	0.812091	0.0583048	63.2727	7.34341
0	150	1	1	8	12	0.315579	0.0388171	0.6375	0.0433953	76.4	5.58928
0	160	0	0	9	12	0.349506	0.0428511	0.732571	0.018238	67.5714	5.67007
0	160	0	1	12	8	0.327864	0.0413747	0.7711	0.0252941	67.65	4.94242
0	160	1	0	8	8	0.334185	0.0309529	0.8445	0.0437464	68.125	4.60808
0	160	1	1	9	7	0.274025	0.0668544	0.747	0.0619919	74.3125	8.44629
0	170	0	0	8	7	0.330673	0.0448546	0.7712	0.0153848	72.4667	4.3492
0	170	0	1	8	12	0.32551	0.0449251	0.762	0.0457078	73.25	3.97335
0	170	1	0	11	9	0.310688	0.0336719	0.7209	0.0345513	79.85	8.07016
0	170	1	1	12	6	0.284887	0.0421783	0.730444	0.0143999	81.3333	6
0	180	0	0	10	9	0.299322	0.0351366	0.783684	0.0276083	76.9474	4.37064
0	180	0	1	8	10	0.306882	0.0479722	0.777333	0.0209231	72.7778	8.02465
0	180	1	0	16	7	0.292249	0.0431247	0.758522	0.0526885	74.6087	6.21176
0	180	1	1	4	7	0.258282	0.0236867	0.816909	0.0289119	76.9091	5.91538
0	190	0	0	10	6	0.324748	0.0514186	0.755	0.0598832	81.9375	10.3469
0	190	0	1	8	11	0.31596	0.0494755	0.766105	0.0158609	81.8421	7.6245
0	190	1	0	10	10	0.259561	0.0420807	0.7915	0.0216322	80.8	7.31847
0	190	1	1	10	10	0.272096	0.0475102	0.7554	0.0367918	87.15	5.11151
0	200	0	0	11	9	0.302134	0.0513837	0.7924	0.0617045	81.35	6.55191
0	200	0	1	16	6	0.262821	0.0343863	0.777818	0.0251028	85.0455	4.62677
0	200	1	0	5	14	0.29344	0.0322047	0.746842	0.0284425	86.4737	8.27405
0	200	1	1	14	9	0.25698	0.0374114	0.795913	0.0318828	84.6957	6.36181
0	210	0	0	7	6	0.24809	0.0348336	0.774615	0.0162932	88.5385	4.74934
0	210	0	1	11	7	0.235915	0.0369182	0.762778	0.0207004	94.5556	6.92196
0	210	1	0	10	10	0.290251	0.041118	0.7543	0.0336765	89.05	6.82257
0	210	1	1	11	9	0.229097	0.0383496	0.8044	0.020402	90.2	4.64327
0	220	0	0	10	11	0.278319	0.0451193	0.742857	0.0288878	92.8095	9.75226
0	220	0	1	12	5	0.273919	0.0480621	0.802353	0.0269835	88.5294	5.89234
0	220	1	0	8	10	0.253972	0.0281542	0.786222	0.0232941	85.7778	6.89247
0	220	1	1	7	14	0.246393	0.0377127	0.820952	0.0258023	87.0952	7.91566
0	230	0	0	11	11	0.22651	0.0378584	0.776091	0.0432686	98.8636	7.86994
0	230	0	1	12	4	0.267579	0.0254895	0.763	0.0642767	92.9375	12.3515
0	230	1	0	11	7	0.229516	0.0343377	0.794444	0.0142448	90.3889	6.28171
0	230	1	1	16	5	0.19019	0.0250745	0.810476	0.0308786	88.9524	7.88897
0	240	0	0	9	12	0.219641	0.0376458	0.791238	0.0201846	95.0476	5.98789
0	240	0	1	8	9	0.217243	0.0300401	0.771647	0.0199674	100.529	4.4999
0	240	1	0	4	5	0.283166	0.0457899	0.823333	0.0168655	92.4444	6.16642
0	240	1	1	5	8	0.182375	0.0274924	0.800615	0.0182863	96.2308	6.98519
0	250	0	0	2	3	0.225372	0.0263197	0.7068	0.0503206	109.2	13.3177
0	250	0	1	10	10	0.232109	0.016971	0.8057	0.0241849	93.25	7.02051
0	250	1	0	6	14	0.247045	0.0383863	0.855	0.0167392	91.75	6.33936
0	250	1	1	8	13	0.177662	0.0432278	0.811429	0.0651216	101.143	8.58174
0	260	0	0	3	6	0.220013	0.0454526	0.858667	0.0406831	91	10.3709
0	260	0	1	9	13	0.2117	0.0398053	0.791	0.039629	107.182	7.50537
0	260	1	0	6	1	0.185072	0.0357687	0.911714	0.00662709	92.2857	2.4908
0	260	1	1	2	7	0.223274	0.0206303	0.833556	0.00449966	99.2222	2.57241
0	270	0	0	9	3	0.169108	0.0312518	0.917333	0.0181537	99.3333	8.02427
0	280	0	0	0	1	0.187975	0	0.948	0	91	0
1	0	0	0	10	10	0.98375	0.0224552	0	0	1.05	0.920598
1	0	0	1	9	5	0.975427	0.0296498	0	0	1.28571	1.53197
1	0	1	0	13	14	0.989859	0.0127343	0	0	0.962963	0.792627
1	0	1	1	8	10	0.989752	0.0164927	0	0	0.833333	1.01379
1	10	0	0	8	9	0.837471	0.0709604	0.282941	0.0554389	8.17647	2.33226
1	10	0	1	9	11	0.871942	0.0493753	0.2695	0.0730859	7.6	2.22261
1	10	1	0	8	11	0.849882	0.034399	0.268947	0.0851188	10.7368	2.65255
1	10	1	1	8	7	0.808678	0.070552	0.295867	0.0535486	11.7333	2.64491
1	20	0	0	7	9	0.739009	0.0388123	0.5165	0.133082	16.125	2.66634
1	20	0	1	10	8	0.69819	0.0827818	0.373111	0.0421069	19.2778	3.33009
1	20	1	0	12	9	0.769659	0.049757	0.362381	0.221439	16.1905	2.77092
1	20	1	1	11	8	0.747055	0.0602776	0.367263	0.122466	15.4211	3.43842
1	30	0	0	5	9	0.573691	0.0938031	0.565429	0.0673432	21.7143	5.8728
1	30	0	1	7	14	0.602119	0.0773552	0.450095	0.0266224	26.3333	4.71405
1	30	1	0	10	11	0.753725	0.0801874	0.430667	0.0464895	21.7619	4.08137
1	30	1	1	9	10	0.653271	0.0643986	0.504316	0.064234	22.0526	3.88619
1	40	0	0	11	6	0.65448	0.0585442	0.664824	0.0344302	25.2353	2.73387
1	40	0	1	11	10	0.596353	0.0652808	0.410095	0.11132	33.1905	4.01923
1	40	1	0	14	8	0.585294	0.0601936	0.470545	0.0683924	26.6818	3.57245
1	40	1	1	4	9	0.533303	0.0586629	0.484769	0.0679934	29.2308	5.14638
1	50	0	0	9	8	0.682978	0.0732462	0.599882	0.200374	26.8824	3.92402
1	50	0	1	11	12	0.548626	0.0908311	0.451826	0.146515	35.7826	5.91943
1	50	1	0	10	9	0.557568	0.0983171	0.390842	0.0897067	36.0526	6.55723
1	50	1	1	11	14	0.630436	0.067625	0.3992	0.089226	31.72	4.11359
1	60	0	0	19	6	0.604869	0.0702575	0.46424	0.138746	38.84	5.22823
1	60	0	1	12	10	0.586333	0.0645244	0.409636	0.0943275	36	5.5922
1	60	1	0	3	11	0.577752	0.0831525	0.445429	0.0557516	39.7143	3.2388
1	60	1	1	6	14	0.613958	0.0635936	0.5269	0.0307472	34.5	2.13307
1	70	0	0	12	11	0.579131	0.0710778	0.476957	0.0693369	42.1304	5.11013
1	70	0	1	11	10	0.484388	0.0999792	0.492286	0.0687751	43.6667	5.65124
1	70	1	0	9	12	0.582266	0.0731839	0.520667	0.0533107	44.1905	4.21583
1	70	1	1	16	13	0.588125	0.048794	0.519931	0.113562	40.8276	6.64918
1	80	0	0	7	12	0.496878	0.0551601	0.508421	0.0303077	52.9474	3.15351
1	80	0	1	9	13	0.51452	0.0687251	0.483909	0.0598649	50.3636	6.16106
1	80	1	0	9	11	0.550037	0.0710607	0.5329	0.0853123	44.6	4.57602
1	80	1	1	10	9	0.555524	0.0502445	0.532526	0.0522498	44	6.51314
1	90	0	0	7	11	0.435334	0.0588636	0.551222	0.0528862	53.9444	6.00437
1	90	0	1	7	9	0.466074	0.0985811	0.522375	0.0258478	52.8125	6.94819
1	90	1	0	13	12	0.497133	0.0592489	0.55728	0.0725532	49.04	6.44037
1	90	1	1	11	9	0.47855	0.0519115	0.519	0.0768856	54.85	5.18917
1	100	0	0	12	11	0.473719	0.0698338	0.575652	0.0632363	55	6.48074
1	100	0	1	14	6	0.510409	0.0574619	0.5983	0.057925	55.05	4.32984
1	100	1	0	11	9	0.392253	0.0804279	0.6031	0.0383013	56.85	6.53663
1	100	1	1	7	15	0.437322	0.0616286	0.579455	0.0500588	56.4545	5.32342
1	110	0	0	13	13	0.430484	0.0534214	0.570538	0.0319016	64.2692	5.28829
1	110	0	1	10	8	0.424027	0.0555598	0.611667	0.0543006	64.4444	6.938
1	110	1	0	7	10	0.402548	0.0595649	0.596824	0.0472593	65.5294	5.49992
1	110	1	1	8	9	0.43203	0.0544746	0.618588	0.0268044	63.2941	5.61264
1	120	0	0	8	12	0.368477	0.0472837	0.6036	0.0650557	68.65	7.28886
1	120	0	1	5	13	0.486385	0.0478857	0.68	0.0496387	56.7222	6.40144
1	120	1	0	9	10	0.465371	0.067862	0.598211	0.0410386	62.6316	4.14488
1	120	1	1	9	4	0.422059	0.0420268	0.550308	0.0262162	67.9231	5.99309
1	130	0	0	11	9	0.379778	0.0729362	0.6343	0.0471223	62.95	3.98089
1	130	0	1	15	8	0.435139	0.0580712	0.692435	0.0530331	60.6957	5.41684
1	130	1	0	11	9	0.404896	0.0817075	0.638	0.0699057	61.2	4.8949
1	130	1	1	14	7	0.440548	0.0618997	0.621619	0.0365493	64.1429	6.80536
1	140	0	0	10	12	0.384085	0.0561963	0.659909	0.0433316	66.5909	8.87109
1	140	0	1	12	9	0.434499	0.0588707	0.617143	0.0338094	64.9524	8.57725
1	140	1	0	12	12	0.378754	0.0625057	0.65225	0.0584532	66.4583	5.25182
1	140	1	1	10	14	0.421945	0.0446093	0.638667	0.0468888	62.25	8.08419
1	150	0	0	15	3	0.423483	0.0422959	0.645667	0.0341776	67	5.67646
1	150	0	1	4	5	0.439421	0.0572244	0.668222	0.0230062	63.3333	7.33333
1	150	1	0	11	15	0.369218	0.0650326	0.658846	0.044387	67.3077	6.25588
1	150	1	1	8	14	0.377551	0.0525816	0.669455	0.0176757	65.9545	6.47707
1	160	0	0	9	9	0.437743	0.0494778	0.660667	0.0444472	64.5	5.55028
1	160	0	1	9	12	0.396893	0.0566545	0.697143	0.0323468	66.381	5.55043
1	160	1	0	11	9	0.398783	0.0498467	0.6517	0.0346137	70.25	6.80349
1	160	1	1	12	11	0.472549	0.0486464	0.694522	0.0263437	58.9565	4.51546
1	170	0	0	9	14	0.428761	0.0392502	0.675739	0.0424604	69.3913	6.09875
1	170	0	1	7	12	0.343219	0.054087	0.720526	0.041294	70.3684	7.21264
1	170	1	0	6	5	0.440953	0.0437652	0.695636	0.0396605	65.1818	4.13012
1	170	1	1	14	6	0.401531	0.0619221	0.6971	0.0275498	68.25	10.2219
1	180	0	0	8	12	0.378988	0.0489808	0.682	0.0324222	74.1	6.39453
1	180	0	1	9	13	0.355727	0.0430667	0.692455	0.027915	75.7273	4.49426
1	180	1	0	5	5	0.446417	0.03689	0.6686	0.0218916	70.4	5.88558
1	180	1	1	17	13	0.386013	0.049342	0.703267	0.0434587	71.1333	6.09772
1	190	0	0	11	6	0.418219	0.0584763	0.697647	0.0191002	76.7647	6.53074
1	190	0	1	10	13	0.342277	0.0545799	0.69487	0.0375596	78.8261	8.77572
1	190	1	0	4	9	0.381017	0.0843973	0.689538	0.030866	75.3077	6.06864
1	190	1	1	10	10	0.389231	0.0700548	0.7083	0.0288532	72.65	5.69451
1	200	0	0	10	11	0.382315	0.0452444	0.696095	0.0261459	71.5238	6.36672
1	200	0	1	11	11	0.388493	0.0596294	0.703818	0.024218	77.0909	4.25237
1	200	1	0	9	8	0.362902	0.0639515	0.718353	0.0405331	78.8824	7.78296
1	200	1	1	9	13	0.3518	0.0566862	0.708091	0.0356777	78.5455	7.78534
1	210	0	0	8	11	0.319522	0.0591722	0.736105	0.0296327	78.3684	6.15767
1	210	0	1	9	8	0.355817	0.064754	0.721294	0.0243884	76.5882	6.02015
1	210	1	0	9	10	0.325411	0.052771	0.739158	0.0545925	75.2105	6.67737
1	210	1	1	10	7	0.354463	0.0722086	0.725882	0.0357012	80.6471	6.89366
1	220	0	0	9	14	0.374792	0.0497988	0.748348	0.0428573	72.1739	7.89415
1	220	0	1	7	13	0.323424	0.0472163	0.7427	0.0273881	78.6	7.45252
1	220	1	0	11	8	0.312823	0.0453926	0.728632	0.0237181	81.4737	6.54835
1	220	1	1	9	6	0.381822	0.0592376	0.792	0.0383875	70.4	4.42418
1	230	0	0	12	8	0.354668	0.0596784	0.7453	0.0398511	78.65	6.65038
1	230	0	1	13	9	0.368429	0.06494	0.765727	0.0403183	73.7273	6.73648
1	230	1	0	11	10	0.385552	0.0397453	0.758381	0.0362143	72.9048	4.53457
1	230	1	1	10	13	0.393595	0.060474	0.82287	0.0380655	68.3913	5.91049
1	240	0	0	7	11	0.399536	0.043483	0.764222	0.022646	74.6667	6.19139
1	240	0	1	11	13	0.37394	0.0607303	0.77525	0.0281769	76.0417	5.38887
1	240	1	0	11	11	0.360495	0.0448307	0.757182	0.0274866	79.1364	4.28841
1	240	1	1	7	12	0.371391	0.0550538	0.770842	0.0292021	75.8947	6.9274
1	250	0	0	12	7	0.295858	0.0432915	0.759684	0.022443	87.5789	5.43203
1	250	0	1	9	9	0.342347	0.0420097	0.756667	0.0242945	82.5556	4.31048
1	250	1	0	14	7	0.277943	0.0523001	0.765333	0.0314738	90.2381	5.78096
1	250	1	1	12	9	0.399106	0.0583106	0.765619	0.0317347	72.3333	7.48544
1	260	0	0	9	8	0.330219	0.0495618	0.752	0.0207393	82.7647	6.33876
1	260	0	1	13	6	0.304957	0.0563788	0.778737	0.0212673	83.1053	6.85868
1	260	1	0	11	14	0.304843	0.053553	0.778	0.0264968	83.72	5.84137
1	260	1	1	10	10	0.362616	0.0561259	0.7607	0.013918	82	6.36396
1	270	0	0	11	9	0.308505	0.0445862	0.7772	0.0244082	92.5	8.33367
1	270	0	1	8	11	0.339343	0.057563	0.782947	0.0203275	82.6316	7.67231
1	270	1	0	7	8	0.294362	0.0424535	0.7768	0.0263494	87.5333	5.87499
1	270	1	1	9	8	0.335148	0.0282843	0.787765	0.0256848	81.9412	6.79507
1	280	0	0	13	10	0.292136	0.0470562	0.788522	0.0203467	87.8696	5.9877
1	280	0	1	8	7	0.279394	0.0579533	0.802933	0.0253074	84.4	5.73643
1	280	1	0	6	13	0.292156	0.0675949	0.790947	0.0181962	86	6.80557
1	280	1	1	9	12	0.262719	0.043548	0.781143	0.0191592	89.7619	6.65407
1	290	0	0	9	7	0.270124	0.0577801	0.801625	0.0251318	92.25	4.94343
1	290	0	1	5	8	0.263597	0.0524279	0.790769	0.0138905	95.4615	7.3758
1	290	1	0	7	10	0.277539	0.061175	0.801059	0.0279168	85.6471	6.28669
1	290	1	1	9	11	0.290862	0.0425597	0.7694	0.0210057	96.8	6.73498
1	300	0	0	6	9	0.271077	0.0479442	0.819067	0.0281886	94	5.81951
1	300	0	1	9	11	0.257064	0.0571314	0.7964	0.0239633	95.9	7.26567
1	300	1	0	9	9	0.277514	0.0556839	0.804778	0.0253784	93	6.60808
1	300	1	1	9	11	0.294523	0.0596061	0.8053	0.0187326	90.8	3.69594
1	310	0	0	9	6	0.234262	0.0583281	0.829733	0.0200648	93.2	7.67854
1	310	0	1	9	12	0.270283	0.0411167	0.815429	0.0223832	87.619	6.52085
1	310	1	0	11	11	0.251273	0.062905	0.840909	0.0245225	89.6364	7.06815
1	310	1	1	5	7	0.319809	0.0478766	0.817833	0.00914543	84.75	7.25862
1	320	0	0	11	8	0.265178	0.0479215	0.808421	0.0319446	96.4737	7.46478
1	320	0	1	12	9	0.276838	0.0332601	0.858381	0.0139061	85.5714	5.01969
1	320	1	0	9	8	0.302467	0.0380112	0.790824	0.0196924	93.9412	6.32893
1	320	1	1	15	9	0.316826	0.0357011	0.845583	0.0430928	83.7083	11.0998
1	330	0	0	11	8	0.250061	0.042746	0.837368	0.0243488	93.1053	7.30461
1	330	0	1	7	3	0.232399	0.0302066	0.8762	0.0344842	94	9.19783
1	330	1	0	6	9	0.275729	0.034553	0.8004	0.0191444	95.2667	5.43405
1	330	1	1	16	7	0.269928	0.0504775	0.879652	0.0147754	82.8261	4.40012
1	340	0	0	12	8	0.259402	0.0400869	0.8146	0.0332271	101.55	5.20072
1	340	0	1	10	6	0.208894	0.0302087	0.84675	0.0306339	98	6.53835
1	340	1	0	11	8	0.308584	0.03278	0.812316	0.0191423	93.4737	8.29945
1	340	1	1	12	10	0.282458	0.0439343	0.849364	0.0239043	88.9545	3.44406
1	350	0	0	10	7	0.271427	0.0342856	0.832471	0.0266439	95.5882	5.8012
1	350	0	1	5	17	0.263346	0.0371262	0.817818	0.0289382	96.0909	5.43481
1	350	1	0	8	8	0.280898	0.040773	0.83925	0.0215392	87.1875	5.93947
1	350	1	1	14	5	0.303589	0.0470033	0.829684	0.0235328	88.1053	6.21454
1	360	0	0	14	3	0.296041	0.0336075	0.814471	0.0274529	94.1765	10.0834
1	360	0	1	13	7	0.275142	0.0419763	0.8216	0.0252713	94.05	6.2488
1	360	1	0	7	9	0.281403	0.0429027	0.807	0.0356651	91.75	5.80409
1	360	1	1	15	8	0.312546	0.0410813	0.851478	0.0212498	86.5652	5.37163
1	370	0	0	8	12	0.253319	0.0334689	0.8037	0.0152876	94	5.2915
1	370	0	1	10	16	0.270389	0.0391468	0.835231	0.0131976	94.5	6.66939
1	370	1	0	8	11	0.25203	0.0343195	0.830842	0.0416669	90.8947	5.91069
1	370	1	1	3	5	0.259828	0.0399002	0.839	0.0340294	90.875	6.95409
1	380	0	0	12	8	0.254032	0.0450737	0.8221	0.0316068	90.35	6.53663
1	380	0	1	10	8	0.239854	0.0468158	0.846	0.0112546	91.5	4.9357
1	380	1	0	16	8	0.275079	0.0526941	0.820167	0.0267452	88.125	5.5925
1	380	1	1	7	12	0.260173	0.0251803	0.839263	0.0258352	92.8421	5.01853
1	390	0	0	13	6	0.250321	0.0354896	0.823053	0.0196106	96.3158	5.51603
1	390	0	1	10	6	0.272158	0.029547	0.81875	0.0272935	95.1875	7.29913
1	390	1	0	12	8	0.24372	0.0291341	0.8216	0.0258503	93.35	4.7987
1	390	1	1	11	10	0.251682	0.0424534	0.820857	0.0261102	96.0952	5.7562
1	400	0	0	6	16	0.256137	0.0416576	0.850273	0.016374	95.8636	6.64212
1	400	0	1	8	10	0.236788	0.0318517	0.832556	0.0140761	99.2778	7.1009
1	400	1	0	11	13	0.25644	0.0270797	0.826	0.0187617	97.7083	5.08658
1	400	1	1	5	8	0.223501	0.0319582	0.846154	0.0126116	99.6923	6.30488
1	410	0	0	8	11	0.280432	0.0257695	0.821579	0.0175149	95.2105	5.85418
1	410	0	1	8	11	0.244035	0.0297555	0.825053	0.0148305	101.895	7.81964
1	410	1	0	8	11	0.289146	0.0241395	0.822947	0.035144	94	4.94177
1	410	1	1	1	0	0.292823	0	0.814	0	99	0
1	420	0	0	12	9	0.282398	0.0458178	0.823238	0.0238924	93.3333	5.78449
1	420	0	1	7	10	0.225169	0.0317033	0.851059	0.0306258	105	6.51695
1	420	1	0	10	7	0.254782	0.0296987	0.843294	0.0247713	95.6471	5.17848
1	420	1	1	0	1	0.249042	0	0.772	0	104	0
1	430	0	0	14	8	0.246539	0.0272378	0.862182	0.0218583	102.818	6.04255
1	430	0	1	1	1	0.197693	0.0546019	0.867	0.019	106	3
1	430	1	0	8	8	0.216969	0.0300308	0.85	0.0171318	100.125	5.91476
1	430	1	1	1	2	0.217753	0.0118793	0.87	0.0145144	104.667	2.62467
1	440	0	0	5	4	0.197032	0.0184177	0.861333	0.0166533	103.667	4.94413
1	440	0	1	14	6	0.193783	0.0380617	0.8865	0.0162096	103.4	5.89406
1	440	1	0	0	1	0.227826	0	0.822	0	99	0
1	440	1	1	0	1	0.197523	0	0.88	0	106	0
1	450	0	0	5	1	0.174695	0.028388	0.858667	0.0206452	110	2
1	450	0	1	14	7	0.181666	0.0258096	0.879143	0.0105211	104.476	6.16147
2	0	0	0	17	12	0.987868	0.0139116	0	0	1	1.11417
2	0	0	1	9	6	0.985573	0.0202749	0	0	0.933333	0.771722
2	0	1	0	6	6	0.987085	0.022178	0	0	0.583333	0.862007
2	0	1	1	9	5	0.981891	0.0159829	0	0	1.42857	1.04978
2	10	0	0	7	14	0.860736	0.0606975	0.239429	0.0662582	8.85714	2.86665
2	10	0	1	9	11	0.862045	0.0522995	0.2796	0.0903473	10	3.08221
2	10	1	0	5	12	0.811818	0.0467913	0.214	0.0992157	12.4118	2.4509
2	10	1	1	7	9	0.864632	0.0576352	0.275875	0.11169	9.25	2.63391
2	20	0	0	12	11	0.784707	0.0574906	0.407739	0.0887758	15.2174	3.63505
2	20	0	1	10	7	0.757436	0.0459786	0.512588	0.0512928	14.2941	2.65163
2	20	1	0	13	13	0.718306	0.0755327	0.326077	0.146357	17.8462	2.24794
2	20	1	1	9	15	0.774614	0.0654501	0.506417	0.147245	16.5	2.64575
2	30	0	0	14	13	0.689326	0.0731399	0.506963	0.0907604	20.963	3.32757
2	30	0	1	11	8	0.703196	0.0784454	0.471474	0.0252302	22.6316	2.99492
2	30	1	0	10	10	0.675842	0.0733241	0.5331	0.0473095	24.1	2.96479
2	30	1	1	15	15	0.718621	0.0574981	0.6228	0.0261361	21.2	4.21426
2	40	0	0	8	10	0.70835	0.0527868	0.558667	0.050964	23.2222	3.34258
2	40	0	1	14	4	0.613418	0.0751841	0.607667	0.0493254	27.2222	3.48896
2	40	1	0	12	7	0.620392	0.0712633	0.486	0.0247769	29.1579	3.66007
2	40	1	1	13	7	0.667067	0.0595998	0.7035	0.146878	23.6	4.42041
2	50	0	0	15	8	0.565944	0.0700007	0.685217	0.0237211	27.6522	3.70204
2	50	0	1	16	6	0.54965	0.0868246	0.587545	0.142526	36.5	4.72662
2	50	1	0	5	12	0.510572	0.0478919	0.641176	0.0346346	39.0588	4.23529
2	50	1	1	9	10	0.589866	0.0659439	0.679158	0.142065	31.4211	5.08161
2	60	0	0	9	11	0.574104	0.0767293	0.5905	0.127315	35.1	6.27615
2	60	0	1	11	10	0.55769	0.0767539	0.450571	0.0657532	42.4286	4.14696
2	60	1	0	7	9	0.508303	0.0811297	0.616875	0.0624178	41.6875	3.86844
2	60	1	1	11	6	0.519815	0.0891997	0.754	0.0380959	34.1765	5.30522
2	70	0	0	7	10	0.529692	0.0716299	0.758118	0.0248522	30.4118	4.43328
2	70	0	1	5	14	0.455126	0.0647841	0.630632	0.0533432	47.4211	4.20921
2	70	1	0	10	11	0.473765	0.0606735	0.725619	0.0238137	42.4762	2.98598
2	70	1	1	13	11	0.418251	0.0618123	0.787917	0.022535	38	3.34166
2	80	0	0	8	12	0.5369	0.0650934	0.692	0.0281922	35.15	3.63696
2	80	0	1	11	7	0.444253	0.0452868	0.616444	0.0344323	51.7222	4.30511
2	80	1	0	9	7	0.460141	0.0409868	0.78125	0.0139261	45.125	4.22604
2	80	1	1	7	12	0.405613	0.0955513	0.556526	0.263916	47.3158	8.86182
2	90	0	0	12	8	0.462979	0.0605753	0.587	0.077541	45.25	7.11249
2	90	0	1	13	10	0.437809	0.0393193	0.749478	0.0729436	54.3478	5.1297
2	90	1	0	3	13	0.4379	0.0438674	0.829375	0.0138874	48.5625	4.0769
2	90	1	1	9	6	0.467143	0.0659	0.6608	0.029618	44.8667	3.82739
2	100	0	0	6	18	0.414706	0.10074	0.510833	0.120316	56.7083	4.5229
2	100	0	1	7	13	0.415733	0.0716775	0.6742	0.198493	56.45	7.5065
2	100	1	0	9	13	0.452682	0.0714791	0.730727	0.0322408	50.1818	4.54909
2	100	1	1	9	8	0.404514	0.0468376	0.558353	0.0837257	50.1765	9.0958
2	110	0	0	9	13	0.371909	0.0422693	0.670727	0.0440188	54.6364	5.02309
2	110	0	1	6	9	0.457442	0.0390007	0.658667	0.0141735	57.6667	4.07704
2	110	1	0	11	11	0.388875	0.0611982	0.754818	0.0314073	55.8182	4.74472
2	110	1	1	16	8	0.424853	0.0443997	0.608083	0.0500982	55.7917	5.25182
2	120	0	0	12	11	0.389314	0.058949	0.772435	0.0326561	47.6087	5.67021
2	120	0	1	10	9	0.382876	0.0533972	0.713263	0.119927	59.8421	6.79987
2	120	1	0	10	14	0.420076	0.0459422	0.816417	0.0240553	54.1667	4.44097
2	120	1	1	13	13	0.375508	0.0454697	0.588231	0.0494969	63.5	7.39152
2	130	0	0	13	6	0.365066	0.0423367	0.653895	0.0322717	62.4211	5.91444
2	130	0	1	7	10	0.366122	0.0498523	0.796824	0.0454833	61.4706	4.87633
2	130	1	0	7	14	0.368991	0.0619418	0.853619	0.0183782	51.7143	4.13052
2	130	1	1	7	6	0.377005	0.0637463	0.710923	0.0274967	65.7692	6.15385
2	140	0	0	7	10	0.34562	0.0414706	0.749882	0.0462905	59	7.42809
2	140	0	1	7	12	0.347056	0.0334987	0.766526	0.0301773	67.6316	4.09378
2	140	1	0	10	5	0.341777	0.0377101	0.883733	0.0154896	52.8667	4.45521
2	140	1	1	6	18	0.33736	0.0303896	0.810667	0.0197372	58.625	3.05249
2	150	0	0	8	14	0.373933	0.0496739	0.764455	0.0255836	58.7727	5.38459
2	150	0	1	7	11	0.322009	0.0481098	0.833333	0.0263818	61.8333	3.76017
2	150	1	0	9	7	0.314954	0.0357057	0.863	0.0172482	56.5	3.65718
2	150	1	1	10	14	0.304627	0.060535	0.854667	0.0134619	58.3333	4.08928
2	160	0	0	11	8	0.32828	0.0348567	0.745895	0.0429221	70.8421	9.11484
2	160	0	1	14	7	0.350561	0.0467206	0.758952	0.0520059	68.9048	4.38509
2	160	1	0	7	12	0.324769	0.0421803	0.790632	0.155752	63.2632	11.0064
2	160	1	1	13	8	0.320454	0.0387806	0.817048	0.0366794	64.619	6.15263
2	170	0	0	9	11	0.337691	0.0363126	0.6885	0.0281487	77.85	4.7987
2	170	0	1	5	7	0.368893	0.0420604	0.810333	0.0156383	66.9167	5.21949
2	170	1	0	9	6	0.348945	0.0641954	0.7452	0.192055	66.4	12.3061
2	170	1	1	9	10	0.34828	0.0479143	0.672947	0.0454376	73.0526	5.40442
2	180	0	0	8	12	0.332022	0.0444228	0.7572	0.0736353	76.65	6.59754
2	180	0	1	8	12	0.290088	0.0391591	0.8666	0.0123952	70.95	5.15243
2	180	1	0	7	12	0.299091	0.051354	0.837368	0.0335735	62.2105	3.80552
2	180	1	1	12	7	0.331552	0.0542999	0.765684	0.0266775	71.5789	8.89302
2	190	0	0	13	11	0.323594	0.0417567	0.691917	0.0510669	82	9.49122
2	190	0	1	13	7	0.264076	0.04282	0.7824	0.114329	78	11.0318
2	190	1	0	18	4	0.267399	0.0524964	0.797	0.054053	70.4545	6.99173
2	190	1	1	11	10	0.340824	0.0328072	0.808667	0.0999435	66.8095	8.59468
2	200	0	0	10	11	0.319744	0.0437241	0.76581	0.0271076	76.1429	5.60855
2	200	0	1	7	13	0.223581	0.0343104	0.8219	0.0185739	85.8	5.99667
2	200	1	0	10	11	0.314418	0.0382022	0.753524	0.0246569	72.7619	5.34438
2	200	1	1	10	11	0.304931	0.0388857	0.835238	0.0282605	67.619	3.68363
2	210	0	0	11	12	0.325483	0.043131	0.71513	0.072385	85.5652	11.5112
2	210	0	1	14	9	0.277694	0.0288459	0.845826	0.0740808	85.4783	8.03184
2	210	1	0	10	13	0.274267	0.0407825	0.767217	0.027421	79.087	5.3885
2	210	1	1	9	11	0.276278	0.0339865	0.8607	0.0135687	67.2	4.10609
2	220	0	0	5	12	0.286839	0.0503525	0.781059	0.0209663	76.8824	5.93972
2	220	0	1	11	6	0.270006	0.0240391	0.877176	0.0181115	76.5882	3.80493
2	220	1	0	8	13	0.203262	0.0520319	0.837905	0.0153744	81.5238	4.23836
2	220	1	1	9	10	0.27872	0.0413377	0.883684	0.0120746	66.2632	4.10189
2	230	0	0	13	9	0.285069	0.0341246	0.846364	0.0261091	72.7727	5.64021
2	230	0	1	10	10	0.220551	0.0321153	0.9076	0.014193	68.45	4.6095
2	230	1	0	3	3	0.122368	0.0183218	0.917	0.00806226	83.8333	3.3375
2	230	1	1	9	9	0.27336	0.0404624	0.798222	0.0303087	82.5556	8.06379
2	240	0	0	13	9	0.283693	0.0418879	0.815636	0.0205792	81.1364	6.34103
2	240	0	1	7	9	0.250253	0.0362356	0.875625	0.0519866	76.4375	7.57437
2	240	1	1	10	14	0.262086	0.0240866	0.843667	0.013325	83.2917	3.79121
2	250	0	0	11	7	0.229151	0.0239782	0.881667	0.0175278	79.3889	4.99042
2	250	0	1	9	10	0.191904	0.0216165	0.891053	0.012059	78.6316	4.23284
2	250	1	1	6	10	0.215035	0.0242033	0.86175	0.0080273	89.75	4.29389
2	260	0	0	4	1	0.226025	0.043031	0.7952	0.0193329	97.2	4.0694
2	260	0	1	8	12	0.219897	0.0351247	0.791	0.0290895	97.95	5.8692
2	260	1	0	0	1	0.177479	0	0.898	0	89	0
2	260	1	1	15	5	0.19254	0.0183146	0.9011	0.0123527	85.1	4.48219
2	270	0	1	10	12	0.198528	0.0270325	0.845545	0.0214216	93.5909	4.46867
2	270	1	1	1	1	0.156668	0.00894737	0.946	0.002	87	2
2	280	0	1	6	1	0.158935	0.0205771	0.917714	0.00528378	80.7143	2.24972
3	0	0	0	7	5	0.982321	0.015628	0	0	1.08333	0.759203
3	0	0	1	7	11	0.99048	0.0123926	0	0	0.833333	1.01379
3	0	1	0	10	9	0.990538	0.0132849	0	0	0.894737	0.787717
3	0	1	1	8	7	0.993881	0.00789508	0	0	1	0.894427
3	10	0	0	14	6	0.891317	0.0352384	0.2575	0.0344608	9.5	2.29129
3	10	0	1	12	11	0.898243	0.0450475	0.200261	0.033416	7.95652	2.99968
3	10	1	0	11	9	0.900389	0.0331319	0.3222	0.105428	8.95	2.03654
3	10	1	1	12	10	0.809047	0.0558046	0.272909	0.0697052	13.1364	2.1804
3	20	0	0	10	8	0.728107	0.0533972	0.342111	0.0928379	18.3333	3.65148
3	20	0	1	6	11	0.841882	0.0340919	0.391059	0.0495159	15.6471	3.25289
3	20	1	0	8	8	0.68216	0.102249	0.31575	0.132489	19.5	3.31662
3	20	1	1	6	12	0.693929	0.0655288	0.286222	0.0729806	21.6667	2.56038
3	30	0	0	10	8	0.624776	0.0883348	0.518556	0.0770449	25.8889	3.28107
3	30	0	1	10	15	0.730956	0.0424626	0.54048	0.120139	24.28	3.80021
3	30	1	0	9	12	0.562385	0.0903814	0.368857	0.136447	28.9048	5.19986
3	30	1	1	9	14	0.612531	0.087181	0.531391	0.0742649	24.7826	4.74531
3	40	0	0	12	8	0.511773	0.0535383	0.5815	0.0271726	34.4	4.55412
3	40	0	1	6	12	0.684838	0.0652159	0.497444	0.143618	31.7222	4.75868
3	40	1	0	5	6	0.379479	0.118746	0.554545	0.0259523	32.5455	3.4997
3	40	1	1	3	11	0.516516	0.0644305	0.620143	0.041414	27.4286	3.71703
3	50	0	0	11	5	0.532596	0.0781622	0.5	0.0537401	40.75	5.44862
3	50	0	1	12	9	0.620914	0.0652533	0.566095	0.0960783	33.2857	5.10035
3	50	1	0	10	9	0.467854	0.0768101	0.394842	0.0999248	37.2632	3.5369
3	50	1	1	11	9	0.448109	0.0624969	0.7231	0.0287366	37.9	4.07308
3	60	0	0	9	5	0.613826	0.100083	0.577714	0.0588405	34.7857	6.02588
3	60	0	1	16	5	0.602023	0.0393675	0.674667	0.0304089	35.6667	3.44111
3	60	1	0	11	7	0.471503	0.072937	0.565333	0.0576657	36.1667	3.48409
3	60	1	1	8	10	0.394981	0.0306522	0.743222	0.073618	42.1667	5.41859
3	70	0	0	15	9	0.563254	0.0846835	0.674833	0.044721	37.4167	7.56591
3	70	0	1	8	11	0.579213	0.0598451	0.743684	0.0413726	36.9474	5.18575
3	70	1	0	15	3	0.416771	0.0453637	0.716667	0.0600074	45.1111	6.71556
3	70	1	1	9	8	0.438049	0.0663047	0.507882	0.0565414	52.0588	5.88588
3	80	0	0	11	9	0.456293	0.0748487	0.7691	0.0329756	42.25	2.91333
3	80	0	1	4	8	0.544167	0.0556308	0.695833	0.0280649	44.25	5.00208
3	80	1	0	15	6	0.471085	0.0591248	0.630857	0.0428578	45.3333	7.03957
3	80	1	1	9	7	0.29937	0.0530193	0.675875	0.0346949	55.3125	6.33165
3	90	0	0	12	11	0.403137	0.0476209	0.812174	0.0220349	45.087	3.11955
3	90	0	1	7	8	0.441991	0.0702442	0.445733	0.0730584	62.1333	6.04281
3	90	1	0	7	16	0.426125	0.079722	0.646522	0.0408485	51.6957	3.68823
3	90	1	1	10	7	0.293211	0.0491524	0.750471	0.0237787	58.6471	5.55127
3	100	0	0	7	12	0.377872	0.0608212	0.750105	0.0219997	47.3158	4.31707
3	100	0	1	13	14	0.431462	0.0664503	0.589556	0.0431683	54.2222	6.97792
3	100	1	0	9	7	0.444435	0.0722271	0.678875	0.0516912	50.6875	6.14124
3	100	1	1	12	9	0.336456	0.0350273	0.710286	0.0340212	51.381	3.96984
3	110	0	0	9	9	0.376548	0.0722085	0.648556	0.0522209	52.6667	6.0553
3	110	0	1	10	8	0.434168	0.0754927	0.659889	0.0300775	48.5556	4.46246
3	110	1	0	13	9	0.40307	0.0476704	0.752818	0.0271739	53.5	4.20768
3	110	1	1	4	11	0.314712	0.0364351	0.777067	0.0273824	48.9333	3.64173
3	120	0	0	9	12	0.301414	0.0526907	0.719619	0.018707	56.5714	4.63497
3	120	0	1	7	8	0.371196	0.0578453	0.779467	0.0262548	51.8667	5.26456
3	120	1	0	9	8	0.391326	0.0544911	0.828235	0.0207039	53.4706	4.39408
3	120	1	1	9	9	0.30051	0.0245396	0.856222	0.016585	46.6667	3.38296
3	130	0	0	4	15	0.272574	0.0481412	0.783263	0.0243069	59.6316	3.97638
3	130	0	1	10	10	0.269773	0.0385427	0.8749	0.0348108	51.65	3.82459
3	130	1	0	14	12	0.308436	0.0402372	0.874538	0.0185187	53.0769	4.15028
3	130	1	1	10	9	0.247006	0.0224026	0.894421	0.0148902	53.1053	4.15356
3	140	0	1	8	11	0.270129	0.048109	0.899053	0.0119537	48.5789	3.23331
3	140	1	0	14	10	0.288877	0.0433296	0.88775	0.0143911	57.375	4.52597
3	140	1	1	7	11	0.256557	0.0227078	0.920778	0.00899726	56.8333	2.89156
3	150	0	1	11	6	0.293314	0.0441715	0.920706	0.00891637	48.5294	2.87213
3	150	1	0	8	11	0.307493	0.0297157	0.896421	0.0137279	59.3684	2.59981
3	150	1	1	12	7	0.232156	0.0186183	0.936211	0.0101545	59.3684	3.42146
3	160	0	1	8	10	0.24824	0.0323536	0.927	0.00827983	54	4.32049
3	160	1	0	10	7	0.272312	0.0227295	0.908824	0.0117034	65.9412	4.03617
3	160	1	1	6	10	0.209363	0.0247725	0.95225	0.00842244	64.8125	4.00342
3	170	0	1	5	5	0.190479	0.0280067	0.944	0.010469	51.7	3.31813
3	170	1	0	1	3	0.235558	0.0182324	0.922	0.00547723	66.5	3.3541
3	170	1	1	6	14	0.206865	0.0197982	0.941	0.00716938	66.45	4.90383
3	180	0	1	1	0	0.191319	0	0.962	0	68	0
3	180	1	0	2	1	0.208455	0.0246722	0.954	0.00432049	65.6667	0.942809
3	180	1	1	9	16	0.189742	0.018541	0.9464	0.00809938	69.36	5.46904
3	190	1	1	1	2	0.162457	0.00683922	0.949333	0.00410961	74.3333	1.24722
4	0	0	0	4	12	0.982553	0.0262426	0	0	0.9375	0.826797
4	0	0	1	11	8	0.985635	0.0173778	0	0	1.10526	1.02056
4	0	1	0	9	11	0.983488	0.0221091	0	0	1.15	1.19478
4	0	1	1	12	9	0.989755	0.0152577	0	0	0.952381	0.843812
4	10	0	0	11	12	0.877795	0.0386695	0.280261	0.0520211	8.6087	2.22122
4	10	0	1	10	15	0.890053	0.0426945	0.32384	0.107523	8.68	2.24
4	10	1	0	11	7	0.930348	0.0366216	0.337889	0.124081	4.77778	1.98762
4	10	1	1	15	8	0.836514	0.0538093	0.329565	0.149437	10.8261	2.25836
4	20	0	0	10	3	0.845395	0.0638707	0.393846	0.13682	13.2308	2.66469
4	20	0	1	15	9	0.78589	0.0780775	0.43175	0.0524541	15.125	3.85479
4	20	1	0	11	7	0.776394	0.0645046	0.342556	0.109629	13.3889	2.87013
4	20	1	1	12	9	0.758449	0.0511985	0.350381	0.0513721	17.0476	2.81959
4	30	0	0	7	8	0.769025	0.0525156	0.5016	0.0350558	15.9333	1.94822
4	30	0	1	7	18	0.800186	0.0551209	0.51736	0.136157	17.4	2
4	30	1	0	8	11	0.698718	0.082285	0.405684	0.171049	20.5789	7.08828
4	30	1	1	9	11	0.643371	0.0889108	0.4454	0.11361	25.5	4.96488
4	40	0	0	10	12	0.689293	0.0660374	0.654	0.060561	22.7273	3.33278
4	40	0	1	13	7	0.653515	0.0814656	0.5203	0.0406757	22.3	2.91719
4	40	1	0	8	9	0.721912	0.0657226	0.572471	0.021601	17.7647	3.35243
4	40	1	1	7	8	0.636153	0.0627287	0.6084	0.0269538	29.4667	4.22479
4	50	0	0	11	15	0.587253	0.0432093	0.582615	0.0554194	30.3077	4.03608
4	50	0	1	6	7	0.671216	0.0597406	0.574769	0.0476108	27.8462	5.23077
4	50	1	0	7	15	0.716401	0.0897425	0.724636	0.0296426	18.5455	3.58947
4	50	1	1	6	11	0.565604	0.0588739	0.681294	0.0264614	36.7059	5.52816
4	60	0	0	11	7	0.52874	0.0498808	0.713444	0.0296033	33.7778	4.24991
4	60	0	1	14	8	0.556425	0.0373371	0.737909	0.0185813	34.2273	3.43686
4	60	1	0	11	8	0.63598	0.0628136	0.772632	0.0539827	25.7368	4.31451
4	60	1	1	4	14	0.557357	0.0529285	0.814778	0.0249367	33.6111	4.51096
4	70	0	0	9	13	0.522723	0.046305	0.490727	0.0600138	40.7727	4.66059
4	70	0	1	15	9	0.492167	0.0434684	0.810583	0.0440245	34.875	3.8113
4	70	1	0	11	10	0.531293	0.0522814	0.629619	0.111075	37.4762	3.6203
4	70	1	1	9	10	0.485579	0.0601887	0.752526	0.0351529	43.8947	5.02514
4	80	0	0	12	8	0.528278	0.0486115	0.5662	0.0648503	41.45	4.08013
4	80	0	1	8	10	0.450474	0.0467671	0.705111	0.0373049	40.1667	3.83333
4	80	1	0	7	11	0.551603	0.0472126	0.646778	0.123735	42.6667	5.14242
4	80	1	1	15	12	0.540052	0.0558987	0.602074	0.0418728	47.1481	6.35787
4	90	0	0	6	13	0.491847	0.0699399	0.602737	0.103463	43.6842	5.63871
4	90	0	1	8	11	0.480267	0.0694847	0.668316	0.0490296	41.6316	5.75107
4	90	1	0	11	15	0.449732	0.0405164	0.736615	0.0214172	41.6923	3.63497
4	90	1	1	9	11	0.532477	0.05916	0.5542	0.0215676	46.1	4.8775
4	100	0	0	17	7	0.469161	0.0472952	0.525	0.0414769	53.4167	6.21769
4	100	0	1	6	14	0.509726	0.0594615	0.6417	0.111001	42.1	6.0075
4	100	1	0	7	8	0.42964	0.044425	0.7052	0.0839104	47.5333	7.00349
4	100	1	1	10	10	0.51103	0.0613142	0.582	0.0696793	50.8	4.67547
4	110	0	0	10	8	0.490083	0.0401829	0.614333	0.0853834	45.3889	6.30819
4	110	0	1	10	12	0.392506	0.0553826	0.590364	0.067392	50	6.48074
4	110	1	0	15	17	0.415034	0.0497088	0.551562	0.0522224	58.7813	6.34298
4	110	1	1	8	8	0.41561	0.0438051	0.60325	0.0568501	58.625	5.69951
4	120	0	0	13	9	0.417937	0.0539099	0.515364	0.0588446	57.7727	3.52822
4	120	0	1	10	9	0.458105	0.0620683	0.608737	0.0566957	52.8421	5.39262
4	120	1	0	12	10	0.371744	0.0586843	0.657545	0.0491895	58.7273	5.28447
4	120	1	1	8	14	0.394639	0.0622798	0.561091	0.0987848	59.5909	6.48536
4	130	0	0	6	11	0.39222	0.0566235	0.608353	0.0352553	55	3.77297
4	130	0	1	14	9	0.433347	0.0666834	0.621739	0.0547033	53.5217	6.1423
4	130	1	0	14	6	0.428757	0.0658846	0.6066	0.0177663	53.2	7.46056
4	130	1	1	15	6	0.403557	0.0502797	0.611143	0.0478154	59.619	5.00929
4	140	0	0	10	9	0.409146	0.0783937	0.613368	0.0280004	58.5263	5.17452
4	140	0	1	7	11	0.364801	0.0488695	0.677556	0.0264202	62.5556	6.39637
4	140	1	0	13	8	0.428144	0.0630099	0.589905	0.0196491	58	6.90066
4	140	1	1	11	9	0.385096	0.0499972	0.6364	0.0426221	58.9	7.8032
4	150	0	0	12	8	0.392384	0.0531944	0.7451	0.0374084	58.5	3.74833
4	150	0	1	14	4	0.377772	0.0650096	0.714778	0.0665871	59.2222	4.93914
4	150	1	0	11	10	0.402024	0.0757049	0.679905	0.0357849	50.8095	4.28307
4	150	1	1	6	8	0.311738	0.0326091	0.737143	0.0508146	60.9286	3.51455
4	160	0	0	13	12	0.338091	0.0580897	0.72288	0.0685182	59.32	4.64517
4	160	0	1	6	13	0.311388	0.048287	0.734632	0.0206122	64.2632	4.79958
4	160	1	0	12	12	0.335999	0.0520257	0.713333	0.048702	60.625	6.51161
4	160	1	1	9	9	0.315219	0.041378	0.733889	0.026787	64.4444	4.49966
4	170	0	0	9	8	0.355167	0.0411857	0.677647	0.0285347	65.8235	5.04375
4	170	0	1	8	10	0.293409	0.0393062	0.705889	0.0618366	70.5556	5.00247
4	170	1	0	8	10	0.362224	0.0519726	0.758333	0.0231157	54.5	6.28269
4	170	1	1	6	16	0.315144	0.0519803	0.714091	0.0285305	70.5	4.99773
4	180	0	0	14	8	0.321618	0.0514216	0.762455	0.0410052	65.0909	4.64082
4	180	0	1	14	7	0.299269	0.051322	0.741143	0.0513942	72.1905	7.97388
4	180	1	0	10	11	0.360304	0.0433713	0.773905	0.0452484	64.8571	6.22044
4	180	1	1	7	12	0.331908	0.0456134	0.738105	0.0443407	68.8421	5.22407
4	190	0	0	12	9	0.324399	0.0421301	0.78181	0.035579	65.7143	5.06287
4	190	0	1	8	8	0.275795	0.0606781	0.74975	0.039717	75.625	5.29003
4	190	1	0	12	8	0.394225	0.043659	0.7908	0.0237015	62.35	5.5792
4	190	1	1	9	10	0.328086	0.0433207	0.764421	0.0248836	68.1579	4.17087
4	200	0	0	8	11	0.326251	0.0511468	0.828211	0.0517683	68.3684	4.53304
4	200	0	1	10	4	0.231843	0.0356596	0.811857	0.0145889	77.3571	3.57785
4	200	1	0	10	8	0.360432	0.0612417	0.814889	0.0299052	60.7222	3.477
4	200	1	1	8	5	0.241826	0.0495627	0.812308	0.0189225	70	5.67044
4	210	0	0	11	7	0.292243	0.0305706	0.779556	0.0618908	70.9444	5.79724
4	210	0	1	9	11	0.275682	0.0433043	0.7994	0.018145	79.35	3.53942
4	210	1	0	8	9	0.349618	0.0410772	0.854118	0.0110287	62.4118	5.30326
4	210	1	1	8	11	0.292818	0.0312138	0.772737	0.0187977	68.2632	4.03722
4	220	0	0	4	12	0.272198	0.0253086	0.792125	0.0364381	69.875	5.21866
4	220	0	1	9	10	0.308683	0.0465141	0.717263	0.0347515	77.4211	6.31052
4	220	1	0	9	13	0.324638	0.0374599	0.864545	0.0255427	66.1364	4.11533
4	220	1	1	4	12	0.283784	0.0387129	0.768375	0.0464824	73.1875	5.35279
4	230	0	0	14	6	0.311298	0.054197	0.7858	0.0157467	73.2	6.30555
4	230	0	1	10	9	0.223403	0.0334651	0.777684	0.0128188	70.8947	4.81111
4	230	1	0	8	11	0.347726	0.068499	0.811474	0.0295997	66.5263	4.99861
4	230	1	1	7	10	0.250371	0.033119	0.851412	0.0132446	64.7059	2.34558
4	240	0	0	8	13	0.230442	0.0319536	0.78419	0.0166293	81.381	4.29259
4	240	0	1	2	2	0.315279	0.05794	0.849	0.0236854	65.75	7.11952
4	240	1	0	9	15	0.317022	0.0401658	0.861333	0.0185173	65.0417	4.18807
4	240	1	1	15	7	0.269272	0.0617238	0.872455	0.0415164	64.3636	4.22703
4	250	0	0	10	11	0.293401	0.0463041	0.752762	0.0522028	84.7143	6.71277
4	250	0	1	10	5	0.274341	0.0328853	0.872267	0.0330887	68.9333	3.58639
4	250	1	0	11	14	0.304834	0.0470834	0.84504	0.0478301	71.04	4.56491
4	250	1	1	10	12	0.280066	0.0256969	0.816	0.0278764	75.0455	8.17689
4	260	0	0	11	12	0.288672	0.0334669	0.802696	0.0164037	82.3043	5.13669
4	260	0	1	12	9	0.258979	0.0454009	0.845714	0.0342333	78.8571	6.31163
4	260	1	0	13	6	0.31657	0.029216	0.833579	0.0457434	77.4737	5.69735
4	260	1	1	12	9	0.28645	0.0315241	0.811524	0.0400043	80.9524	7.66238
4	270	0	0	10	10	0.279198	0.0252598	0.8103	0.0301879	82.15	5.82473
4	270	0	1	10	11	0.27004	0.0433447	0.835333	0.0293052	77.6667	6.88914
4	270	1	0	12	13	0.301376	0.0425329	0.88528	0.0176624	73.64	3.59867
4	270	1	1	9	11	0.275547	0.0461335	0.8204	0.0206746	80.65	3.8115
4	280	0	0	7	10	0.280577	0.0440832	0.827529	0.0326517	80.1176	4.3098
4	280	0	1	9	12	0.275285	0.0343591	0.818857	0.0326165	81.3333	6.55623
4	280	1	0	7	4	0.237301	0.0234988	0.915818	0.0230486	75.9091	5.77541
4	280	1	1	7	12	0.254086	0.0419863	0.867579	0.0359917	77.0526	6.62907
4	290	0	0	10	12	0.275525	0.0350995	0.817636	0.0369994	81.1818	7.6434
4	290	0	1	11	8	0.279195	0.046988	0.791579	0.0253446	89.4737	4.04408
4	290	1	0	6	15	0.239261	0.0339661	0.829905	0.0329818	88.2857	4.26662
4	290	1	1	11	14	0.312891	0.0491795	0.86248	0.0201616	74.92	6.92774
4	300	0	0	11	9	0.302029	0.0366611	0.7983	0.027657	83.65	6.09323
4	300	0	1	10	5	0.265582	0.0480791	0.8288	0.0160632	87.9333	8.45748
4	300	1	0	11	9	0.284477	0.039622	0.844	0.0230304	82.15	3.67797
4	300	1	1	8	8	0.353446	0.0427273	0.840625	0.0544322	76.375	5.63333
4	310	0	0	11	5	0.298365	0.0481848	0.82325	0.0281591	83.9375	5.14136
4	310	0	1	8	11	0.254506	0.0377524	0.820316	0.0220837	88.8421	8.91045
4	310	1	0	8	13	0.285137	0.0414824	0.836762	0.0318597	83.2857	4.58925
4	310	1	1	3	13	0.311695	0.0248592	0.824625	0.0342543	85.8125	5.80106
4	320	0	0	10	11	0.31326	0.0417856	0.823524	0.0244007	88.1905	6.95303
4	320	0	1	13	11	0.284725	0.0354968	0.848333	0.0264932	85.875	4.83315
4	320	1	0	8	9	0.312329	0.0468262	0.815765	0.0249223	83.2941	6.51482
4	320	1	1	7	8	0.289006	0.0331088	0.8292	0.0122376	92.7333	6.56726
4	330	0	0	12	9	0.257024	0.0339239	0.830952	0.0274963	96.0476	7.99092
4	330	0	1	12	6	0.316186	0.0269987	0.829	0.0193132	88.5	4.53689
4	330	1	0	11	13	0.342504	0.0292286	0.824667	0.0253487	83.9583	4.98731
4	330	1	1	8	13	0.293464	0.0229417	0.828952	0.0265159	90.7619	3.92677
4	340	0	0	9	9	0.292777	0.0339608	0.819	0.0228449	93.3889	5.80363
4	340	0	1	10	12	0.293144	0.0463258	0.843818	0.0446518	89.9545	7.10619
4	340	1	0	13	6	0.273805	0.029728	0.837053	0.0282796	95.3158	6.09618
4	340	1	1	9	15	0.264865	0.0388731	0.847333	0.0389259	90.8333	6.59335
4	350	0	0	10	11	0.300435	0.0318197	0.786952	0.0209364	102.381	6.13713
4	350	0	1	8	10	0.231307	0.03607	0.824667	0.0204396	99.1111	8.58868
4	350	1	0	12	10	0.290319	0.0277772	0.826091	0.0247127	97.6364	3.57447
4	350	1	1	8	8	0.260372	0.0412831	0.832125	0.0247838	94.75	8.71421
4	360	0	0	7	11	0.280832	0.0307915	0.816111	0.0196692	100.111	3.7696
4	360	0	1	7	8	0.260598	0.0326808	0.813733	0.019851	103	8.67948
4	360	1	0	11	10	0.308213	0.0373778	0.826381	0.0164996	97.619	4.60307
4	360	1	1	7	14	0.271146	0.0517579	0.818667	0.02116	99.381	5.48136
4	370	0	0	10	7	0.25075	0.0300555	0.823529	0.0146894	104	7.66198
4	370	0	1	10	9	0.240023	0.0268002	0.817684	0.0228981	107.947	7.1486
4	370	1	0	7	13	0.268366	0.020957	0.8534	0.0249247	95.55	3.59826
4	370	1	1	0	1	0.255184	0	0.85	0	105	0
4	380	0	0	9	13	0.222016	0.0260739	0.837	0.0202327	111.409	4.77359
4	380	0	1	10	9	0.231126	0.020764	0.830632	0.0199795	108.053	6.57326
4	380	1	0	5	15	0.219296	0.0314192	0.8452	0.025333	105.95	4.57684
4	390	0	0	7	8	0.196671	0.0267578	0.848133	0.02957	111.267	8.13607
4	390	0	1	5	10	0.240748	0.0269917	0.8448	0.0143257	117.067	5.66235
4	390	1	0	4	11	0.242639	0.0147901	0.875733	0.0209745	105.733	7.0282
4	390	1	1	0	1	0.182064	0	0.846	0	123	0
4	400	0	0	4	8	0.173061	0.0226106	0.875	0.0129486	114.333	7.14532
4	400	0	1	2	1	0.179191	0.036974	0.869333	0.00339935	116.333	4.49691
5	0	0	0	10	7	0.978439	0.0198193	0	0	1.23529	0.876451
5	0	0	1	13	11	0.985031	0.0187641	0	0	1.25	0.924211
5	0	1	0	6	10	0.989515	0.0238274	0	0	0.6875	0.845484
5	0	1	1	11	6	0.99093	0.0129325	0	0	0.705882	0.665512
5	10	0	0	9	6	0.825193	0.0575109	0.284667	0.10092	12.1333	3.49984
5	10	0	1	9	8	0.868941	0.0509708	0.284941	0.0851576	10.0588	2.97975
5	10	1	0	10	4	0.875489	0.0472379	0.276714	0.102686	10.0714	2.54851
5	10	1	1	8	11	0.814857	0.0939737	0.219895	0.0621457	10.9474	2.64523
5	20	0	0	8	13	0.728652	0.0857024	0.341524	0.105298	18.7143	3.54754
5	20	0	1	14	7	0.774641	0.0569344	0.248476	0.0748074	18.6667	4.23515
5	20	1	0	12	16	0.810767	0.0535377	0.3255	0.108253	17.1786	2.73931
5	20	1	1	7	11	0.7346	0.075784	0.439556	0.0754764	14.5556	4.08551
5	30	0	0	9	8	0.670717	0.0683335	0.305412	0.0701855	24.5294	4.43406
5	30	0	1	8	11	0.727604	0.0583783	0.269053	0.102961	23.0526	2.96424
5	30	1	0	8	11	0.719691	0.0863393	0.367684	0.0970432	23.3684	4.319
5	30	1	1	11	8	0.599824	0.0705908	0.363684	0.0774658	27.3684	5.1115
5	40	0	0	14	5	0.595912	0.0645062	0.343474	0.0732834	30.8421	3.84247
5	40	0	1	13	6	0.642819	0.0814943	0.361474	0.0825638	27.7368	5.82953
5	40	1	0	10	14	0.703602	0.0948146	0.473417	0.0552886	25.5833	4.39618
5	40	1	1	8	7	0.586585	0.04952	0.345333	0.133504	34.1333	3.40327
5	50	0	0	13	12	0.649843	0.0762728	0.39072	0.073793	34.44	4.39163
5	50	0	1	9	7	0.642834	0.0974785	0.506125	0.0490177	30.4375	4.56849
5	50	1	0	4	12	0.671611	0.0563025	0.42075	0.0636627	30.3125	4.4682
5	50	1	1	15	6	0.58414	0.082579	0.429619	0.0923711	33.7619	5.51107
5	60	0	0	10	13	0.57808	0.10844	0.408435	0.0593646	39.3913	5.82154
5	60	0	1	9	13	0.61292	0.0615092	0.473636	0.0504404	34.8636	6.24715
5	60	1	0	16	10	0.652495	0.0593814	0.408385	0.0407469	35.1923	5.5402
5	60	1	1	9	18	0.594847	0.0593036	0.445481	0.0789347	35.3333	2.99382
5	70	0	0	12	9	0.541635	0.102129	0.463333	0.0458417	43.2857	5.63275
5	70	0	1	7	8	0.551934	0.0676336	0.512133	0.0575614	42.6	6.0531
5	70	1	0	9	7	0.495609	0.114854	0.488	0.0555698	46	5.98957
5	70	1	1	7	7	0.633676	0.0668589	0.513286	0.0458732	35.4286	3.41665
5	80	0	0	10	11	0.551512	0.053253	0.513333	0.0646495	46.5714	4.42473
5	80	0	1	6	14	0.59567	0.0645513	0.6244	0.0487836	42.1	4.79479
5	80	1	0	4	14	0.484186	0.0553494	0.555222	0.0506541	45.0556	3.96474
5	80	1	1	9	11	0.553417	0.0755382	0.5674	0.0508177	39.25	5.25238
5	90	0	0	13	9	0.501579	0.0807218	0.528455	0.0464951	53.9091	8.35523
5	90	0	1	11	6	0.533754	0.0694888	0.588118	0.0614203	48.3529	4.56252
5	90	1	0	7	8	0.51287	0.0955773	0.583867	0.02268	47.9333	6.39236
5	90	1	1	7	13	0.521199	0.0637236	0.5778	0.0694864	44.8	6.91086
5	100	0	0	9	10	0.563576	0.075836	0.714105	0.054701	42.5789	7.67303
5	100	0	1	8	9	0.495115	0.0450758	0.639647	0.0177993	56.4706	4.16028
5	100	1	0	9	13	0.476239	0.0645719	0.627818	0.050105	50.9091	5.94604
5	100	1	1	10	9	0.47843	0.0651629	0.694737	0.0545844	52.3158	3.98752
5	110	0	0	8	14	0.557914	0.0695844	0.669545	0.0300178	51.8636	6.23258
5	110	0	1	10	13	0.497377	0.0565015	0.637217	0.0195936	53.4348	5.35542
5	110	1	0	6	9	0.488697	0.0434575	0.632933	0.0454598	56.3333	8.74579
5	110	1	1	5	14	0.366295	0.0599384	0.659053	0.0397485	61.9474	6.31184
5	120	0	0	13	7	0.599178	0.0818682	0.7049	0.0465209	50	6.20484
5	120	0	1	8	10	0.554838	0.0657034	0.728444	0.0426174	44.5556	6.79233
5	120	1	0	14	12	0.547886	0.0636022	0.739692	0.0645522	46.5769	6.34382
5	120	1	1	12	10	0.376358	0.0531607	0.678636	0.0475753	59.9091	3.5536
5	130	0	0	15	10	0.545945	0.0675585	0.71528	0.030651	47.92	8.07921
5	130	0	1	8	13	0.536485	0.0748623	0.725619	0.053208	47.5714	8.07448
5	130	1	0	15	9	0.407366	0.0721371	0.76875	0.0394285	55.6667	5.96285
5	130	1	1	13	12	0.425249	0.0724973	0.68384	0.0392038	61.88	5.88775
5	140	0	0	6	10	0.490674	0.044379	0.7975	0.046387	54.3125	4.22372
5	140	0	1	11	6	0.504148	0.0428223	0.751765	0.0348771	55.1765	4.66823
5	140	1	0	16	11	0.422256	0.0751287	0.772963	0.0394119	59.7407	7.55029
5	140	1	1	12	8	0.347825	0.0597737	0.7297	0.0555996	64.2	6.92532
5	150	0	0	9	13	0.412091	0.0507446	0.745909	0.0377286	66.2727	5.80111
5	150	0	1	9	10	0.433428	0.0432635	0.786632	0.0606076	59.7895	8.14073
5	150	1	0	13	13	0.446916	0.0736777	0.761923	0.0266226	60.7308	7.90111
5	150	1	1	9	13	0.346156	0.0630797	0.711	0.0363706	74.9545	6.97709
5	160	0	0	11	5	0.410694	0.0708641	0.766	0.0678712	60	6.59545
5	160	0	1	5	15	0.387135	0.0472945	0.7535	0.0301786	65.65	4.92214
5	160	1	0	14	8	0.443772	0.0474592	0.728455	0.0308246	62.9091	3.31538
5	160	1	1	14	9	0.368434	0.053938	0.775391	0.029266	68.3913	6.1837
5	170	0	0	10	8	0.435616	0.0855219	0.742	0.0321248	64.8889	6.5903
5	170	0	1	7	12	0.336178	0.0597708	0.776316	0.0241597	69.7895	7.30954
5	170	1	0	15	4	0.381693	0.0523105	0.779158	0.0259661	65.1579	6.48288
5	170	1	1	10	13	0.359004	0.0481598	0.768087	0.0318392	73.1304	6.92384
5	180	0	0	7	11	0.357626	0.04128	0.783778	0.0415419	70.8333	7.91798
5	180	0	1	12	11	0.300262	0.0416262	0.777826	0.01832	80.7826	7.18668
5	180	1	0	12	11	0.35457	0.0447612	0.829391	0.0163594	64.9565	5.64515
5	180	1	1	10	14	0.315016	0.0504972	0.794917	0.0328582	74.6667	6.18915
5	190	0	0	10	11	0.333826	0.0472737	0.772286	0.110833	76.8095	10.4454
5	190	0	1	11	7	0.309095	0.0443869	0.810111	0.0201932	74.7778	4.07643
5	190	1	0	8	10	0.33246	0.0253528	0.885444	0.0276149	64.1111	5.99897
5	190	1	1	10	14	0.32843	0.035263	0.863333	0.021569	67.2917	4.00499
5	200	0	0	12	6	0.36621	0.0590104	0.735444	0.0368529	78.6111	6.30819
5	200	0	1	12	11	0.308793	0.0434666	0.793478	0.0255256	73.3478	5.19706
5	200	1	0	10	11	0.383464	0.0233683	0.890476	0.0376748	60.2857	5.78292
5	200	1	1	6	14	0.330462	0.0546527	0.8633	0.0236159	69.5	6.62948
5	210	0	0	9	11	0.303245	0.0588759	0.7921	0.0174296	80.6	3.95474
5	210	0	1	8	11	0.313554	0.0535686	0.767158	0.0393276	81.8947	5.85702
5	210	1	0	9	10	0.391908	0.0636855	0.858947	0.0293392	66.9474	9.86474
5	210	1	1	11	8	0.313105	0.0601859	0.880632	0.0982479	73.1053	7.12959
5	220	0	0	9	9	0.343289	0.061842	0.815889	0.033813	79.6111	6.01054
5	220	0	1	9	11	0.291078	0.0252901	0.8359	0.0127824	68.9	4.15812
5	220	1	0	11	11	0.384579	0.0397032	0.818455	0.0264777	74.3182	5.12025
5	220	1	1	11	13	0.340897	0.0280459	0.92075	0.00828276	66.875	3.46786
5	230	0	0	17	9	0.371774	0.0470672	0.756308	0.0293294	88.0769	5.53258
5	230	0	1	15	7	0.352063	0.0556207	0.792909	0.0701601	76.4545	8.15602
5	230	1	0	9	8	0.296371	0.0300485	0.846941	0.0178242	78.5294	5.69951
5	230	1	1	15	10	0.382856	0.0436506	0.81728	0.0272522	82.08	6.07236
5	240	0	0	7	9	0.298888	0.0325844	0.8015	0.0254313	87.875	5.10973
5	240	0	1	10	7	0.308287	0.0393819	0.841059	0.0154481	76.8824	4.92153
5	240	1	0	10	13	0.27847	0.0360673	0.872348	0.0118344	85	5.61829
5	240	1	1	5	16	0.301971	0.0348137	0.881333	0.0146493	84.3333	5.95486
5	250	0	0	15	7	0.264907	0.038621	0.841091	0.0384033	94.5	6.80742
5	250	0	1	10	9	0.276871	0.0310493	0.868632	0.00938201	75.8947	3.29105
5	250	1	0	5	15	0.289392	0.0272408	0.9003	0.0164958	76.05	4.89362
5	250	1	1	14	7	0.301905	0.0349128	0.900571	0.0148278	80.0476	4.33673
5	260	0	0	15	9	0.228395	0.0605688	0.8415	0.0739059	92.4167	7.28535
5	260	0	1	3	8	0.254895	0.0285541	0.889273	0.0146044	76.5455	4.83103
5	260	1	0	12	7	0.313844	0.0396826	0.894632	0.00979909	77.5789	3.61744
5	260	1	1	6	13	0.294709	0.0388128	0.925474	0.010091	82	3.34034
5	270	0	0	14	10	0.242639	0.0645458	0.8005	0.0988538	97.4167	8.11335
5	270	0	1	11	10	0.226165	0.0228065	0.929524	0.00933819	78.6667	3.46868
5	270	1	0	6	13	0.323077	0.0298027	0.898105	0.0108865	73.5263	3.80261
5	270	1	1	9	6	0.217017	0.0302831	0.943067	0.0110482	81.7333	3.10841
5	280	0	0	10	6	0.229761	0.0409237	0.80975	0.0385089	97.8125	4.1566
5	280	0	1	5	8	0.228821	0.0268469	0.934769	0.0125156	76.6923	3.85077
5	280	1	0	6	9	0.280926	0.0306717	0.869867	0.0130326	86.6667	5.49747
5	280	1	1	12	8	0.188986	0.0357644	0.9131	0.0895711	87.65	11.6502
5	290	0	0	8	9	0.287423	0.0270463	0.766	0.0454572	102.471	10.6832
5	290	0	1	9	7	0.246008	0.0327548	0.891	0.0820549	85.3125	11.8939
5	290	1	0	10	6	0.274806	0.0351988	0.89175	0.0124474	85.5625	5.43103
5	290	1	1	1	0	0.387712	0	0.89	0	81	0
5	300	0	0	12	4	0.26258	0.0275855	0.818875	0.0147474	97.9375	6.1387
5	300	0	1	7	9	0.241266	0.0141795	0.92375	0.00688749	83.125	2.68968
5	300	1	0	11	6	0.292645	0.0280313	0.814706	0.0282005	84.3529	8.72415
5	310	0	0	8	7	0.233526	0.0358276	0.779333	0.0471913	106.933	9.68481
5	310	0	1	10	7	0.192981	0.0389062	0.934706	0.0101272	84.5294	3.39754
5	310	1	0	13	8	0.22799	0.0282729	0.874381	0.0191696	88.8571	3.71978
5	310	1	1	1	0	0.242335	0	0.88	0	88	0
5	320	0	0	3	5	0.200513	0.0515996	0.833	0.0292062	105.625	3.46185
5	320	0	1	9	8	0.235499	0.0332695	0.790941	0.0175045	107.882	6.57877
5	320	1	0	3	6	0.187352	0.029012	0.883333	0.013499	99.8889	4.97649
5	330	0	0	16	4	0.17366	0.0250805	0.9206	0.0097591	99.2	4.57821
5	330	0	1	0	1	0.26217	0	0.81	0	104	0
5	340	0	0	5	5	0.153582	0.0219009	0.9356	0.00962497	101.1	3.44819
6	0	0	0	10	9	0.989136	0.01648	0	0	0.736842	0.908562
6	0	0	1	9	6	0.983221	0.0213725	0	0	1	1.0328
6	0	1	0	10	10	0.978859	0.0215709	0	0	1.5	1.39642
6	0	1	1	7	10	0.981484	0.0211778	0	0	0.941176	0.937493
6	10	0	0	6	15	0.877801	0.0381951	0.425429	0.0497159	9.09524	2.82682
6	10	0	1	13	9	0.874819	0.0441305	0.269909	0.148333	8.59091	2.46169
6	10	1	0	9	9	0.803346	0.0480568	0.247778	0.0837135	10.6111	1.94762
6	10	1	1	14	9	0.844513	0.0596256	0.226522	0.099297	11.6087	3.13104
6	20	0	0	13	9	0.770178	0.0636612	0.493545	0.0379087	15.5909	3.04002
6	20	0	1	14	11	0.837277	0.0696753	0.37888	0.0643219	14.88	3.81911
6	20	1	0	7	14	0.704487	0.0574856	0.386857	0.0556334	18.0476	3.18443
6	20	1	1	13	11	0.805121	0.0576835	0.336083	0.215231	16.7083	2.71538
6	30	0	0	9	9	0.742434	0.0842973	0.399111	0.0391193	21.3333	3.59011
6	30	0	1	11	8	0.709502	0.0758098	0.327789	0.0411001	23.4211	3.93788
6	30	1	0	16	4	0.65932	0.0944098	0.3519	0.0369782	22.9	4.28836
6	30	1	1	8	9	0.718454	0.076537	0.396824	0.121713	22.7647	4.65933
6	40	0	0	8	12	0.674541	0.0556417	0.4981	0.111442	24.4	4.38634
6	40	0	1	8	8	0.71895	0.0468332	0.510125	0.0949723	22.5625	4.31522
6	40	1	0	8	10	0.618243	0.0907399	0.457889	0.0816754	27.8333	4.28499
6	40	1	1	11	8	0.643627	0.0585351	0.441684	0.0877443	33	4.03928
6	50	0	0	12	9	0.642015	0.0486884	0.559714	0.101099	26.9524	3.49797
6	50	0	1	11	12	0.650588	0.0671375	0.598348	0.0545867	24.6957	3.2629
6	50	1	0	13	11	0.633466	0.0648859	0.51275	0.101525	30	3.32916
6	50	1	1	8	9	0.540602	0.103517	0.522824	0.0841065	35.5882	4.58974
6	60	0	0	8	11	0.601855	0.0583663	0.516526	0.0787209	34.8947	6.61652
6	60	0	1	15	13	0.619549	0.0711889	0.481714	0.0431599	31.7143	3.71154
6	60	1	0	6	9	0.635584	0.0456737	0.477333	0.134562	36.4	4.96387
6	60	1	1	7	10	0.583368	0.0973231	0.365059	0.15392	39.7059	6.2569
6	70	0	0	10	8	0.51789	0.0662316	0.500444	0.0551707	39.7778	4.40398
6	70	0	1	9	13	0.57989	0.0543637	0.448909	0.0267767	38.9545	3.79566
6	70	1	0	13	13	0.595864	0.0671742	0.597538	0.0506551	39.0769	4.02801
6	70	1	1	13	6	0.555163	0.0593682	0.498947	0.020472	36.4211	5.98521
6	80	0	0	9	11	0.552319	0.05848	0.571	0.0432643	42.3	4.60543
6	80	0	1	10	13	0.584686	0.066755	0.546174	0.0826873	41.2609	6.36032
6	80	1	0	12	6	0.540052	0.0736933	0.618222	0.0357453	41.9444	4.11599
6	80	1	1	8	10	0.542444	0.0694252	0.517222	0.0601596	44.5556	5.63937
6	90	0	0	11	13	0.500453	0.0582384	0.59075	0.0415203	52.1667	3.92287
6	90	0	1	11	10	0.472866	0.0620487	0.68019	0.0552256	45.7619	3.81607
6	90	1	0	10	11	0.557573	0.0436685	0.578952	0.0297521	48.4286	3.47195
6	90	1	1	8	11	0.438274	0.0764953	0.570421	0.077578	48.5263	3.42389
6	100	0	0	7	11	0.486566	0.0529745	0.662778	0.0756575	51.9444	6.52748
6	100	0	1	12	8	0.451703	0.0678955	0.6095	0.0394049	56.55	7.7167
6	100	1	0	10	14	0.496015	0.0774223	0.66325	0.0351606	51.5	5.73004
6	100	1	1	10	15	0.481027	0.0592783	0.58456	0.0826453	56.44	7.50509
6	110	0	0	13	9	0.490052	0.0626985	0.667818	0.0516383	54.0455	5.00434
6	110	0	1	9	12	0.42293	0.0559164	0.634571	0.0373715	58.9524	5.50736
6	110	1	0	11	11	0.490885	0.0825661	0.753818	0.0291698	48.2727	4.47398
6	110	1	1	12	7	0.492247	0.0473662	0.656211	0.073229	51.3158	6.38298
6	120	0	0	10	13	0.470947	0.0711624	0.672783	0.0451923	59.5652	5.72429
6	120	0	1	12	10	0.46477	0.0602363	0.672636	0.0900452	53.8636	6.76418
6	120	1	0	6	9	0.445067	0.0826328	0.750267	0.0322562	54	5.83095
6	120	1	1	10	11	0.471308	0.0633538	0.654286	0.035058	54.2857	4.91008
6	130	0	0	9	15	0.466073	0.069779	0.698333	0.0505855	56.5417	6.55095
6	130	0	1	8	11	0.349715	0.0804921	0.705053	0.045724	67	6.36603
6	130	1	0	9	10	0.454514	0.059562	0.772947	0.022037	53.7368	4.82147
6	130	1	1	10	13	0.511764	0.0678942	0.670174	0.0448996	53.5652	5.88902
6	140	0	0	8	7	0.41592	0.0485603	0.752267	0.0401522	59.2667	4.23425
6	140	0	1	13	6	0.383718	0.0571787	0.765579	0.0283555	63.7368	5.81144
6	140	1	0	15	6	0.452675	0.0670188	0.803905	0.0411384	57.1429	7.19316
6	140	1	1	10	5	0.472198	0.0620205	0.7612	0.0220883	51.8	6.29497
6	150	0	0	10	8	0.353899	0.0536621	0.752889	0.0236288	67.4444	7.11198
6	150	0	1	12	13	0.378572	0.045271	0.81312	0.0116904	60.56	4.74198
6	150	1	0	5	14	0.416295	0.0533032	0.803579	0.0354316	61.6316	7.20534
6	150	1	1	13	9	0.45158	0.0556338	0.783909	0.0529167	50.3636	5.2531
6	160	0	0	9	15	0.330008	0.0472053	0.787667	0.0308905	68.7917	4.36825
6	160	0	1	10	7	0.332222	0.0580116	0.759529	0.0308662	72.5294	6.78335
6	160	1	0	9	13	0.353083	0.0831026	0.812545	0.0274834	66.7273	5.71427
6	160	1	1	11	6	0.498177	0.0889241	0.844706	0.0173536	51.1176	4.65115
6	170	0	0	12	10	0.356321	0.046564	0.735091	0.0459831	71.8636	7.28195
6	170	0	1	11	12	0.40793	0.0591557	0.72287	0.0347354	63.5652	6.43919
6	170	1	0	9	11	0.374206	0.0771043	0.6986	0.0303651	77.25	4.73154
6	170	1	1	11	7	0.482798	0.0497424	0.844333	0.06529	52.9444	6.06879
6	180	0	0	15	6	0.403774	0.0577641	0.716571	0.0136367	75.9524	7.64994
6	180	0	1	5	9	0.433012	0.0464065	0.742857	0.0202374	64.5714	5.42105
6	180	1	0	8	5	0.482579	0.0668908	0.756769	0.0266895	71.0769	5.39888
6	180	1	1	8	9	0.368968	0.0438348	0.765647	0.0420937	72.4706	9.01057
6	190	0	0	8	10	0.354607	0.0530097	0.742444	0.034264	76.5	6.06676
6	190	0	1	11	8	0.397359	0.0578412	0.759263	0.0216694	69.1053	6.42278
6	190	1	0	9	6	0.444215	0.0632962	0.761867	0.0274077	68.4	5.2
6	190	1	1	15	10	0.416897	0.048795	0.74152	0.025489	71.36	6.0721
6	200	0	0	16	9	0.41546	0.0497191	0.74312	0.0199926	77.6	6.70522
6	200	0	1	11	7	0.404163	0.0765945	0.786556	0.0248087	66.7222	6.06269
6	200	1	0	10	8	0.46449	0.0450529	0.771556	0.0371098	68.1667	5.10174
6	200	1	1	8	11	0.449758	0.0684106	0.730421	0.0513792	70.7895	7.27345
6	210	0	0	9	11	0.480539	0.0755096	0.7817	0.0243251	65.65	6.29504
6	210	0	1	10	11	0.389504	0.0381728	0.77219	0.0245485	68.619	5.01879
6	210	1	0	15	9	0.4287	0.0503317	0.766417	0.0301937	70.75	6.12543
6	210	1	1	7	11	0.450343	0.0536639	0.775333	0.0177764	69.4444	6.03897
6	220	0	0	6	10	0.438515	0.0432722	0.769125	0.0370336	71.5	6.0208
6	220	0	1	11	13	0.391707	0.0561557	0.782	0.0207766	70.0833	4.94905
6	220	1	0	11	10	0.416793	0.0539239	0.815238	0.0344396	67.5238	6.08369
6	220	1	1	11	5	0.45551	0.0461734	0.755375	0.0451869	67.125	5.07291
6	230	0	0	8	11	0.353628	0.045749	0.817474	0.0214117	75	5.24153
6	230	0	1	10	9	0.41336	0.0466738	0.811474	0.0154353	66.3684	3.68797
6	230	1	0	7	10	0.366617	0.0392695	0.813765	0.0232519	74.5882	3.48203
6	230	1	1	9	12	0.415365	0.0427633	0.798095	0.0289135	74	5.97614
6	240	0	0	9	10	0.384613	0.0404542	0.806421	0.040924	80.4211	6.45075
6	240	0	1	10	14	0.384405	0.0617478	0.840333	0.0364128	64.7083	4.22768
6	240	1	0	8	11	0.325398	0.0625414	0.784842	0.0554952	79.0526	5.71677
6	240	1	1	6	14	0.359997	0.047863	0.7725	0.0207449	83	3.76829
6	250	0	0	5	10	0.345996	0.0670081	0.8384	0.046683	75.5333	11.4302
6	250	0	1	13	6	0.300123	0.0515008	0.868316	0.0200028	72	4.88822
6	250	1	0	11	8	0.307044	0.0461002	0.809474	0.0210147	78.2632	5.02459
6	250	1	1	12	11	0.287623	0.0358085	0.824	0.0182256	87.6087	4.66941
6	260	0	0	11	7	0.394903	0.0317053	0.819667	0.0176792	70.4444	5.1556
6	260	0	1	8	12	0.37154	0.0539757	0.813	0.0338319	77.7	8.17985
6	260	1	0	9	13	0.310932	0.0448744	0.814	0.0186353	80.3182	6.64274
6	260	1	1	13	7	0.25281	0.0394929	0.849	0.0173378	83.35	6.08502
6	270	0	0	13	8	0.339895	0.0287966	0.825524	0.0196726	75	6.51007
6	270	0	1	6	15	0.315531	0.0523666	0.789333	0.0486477	81.9048	8.3204
6	270	1	0	6	13	0.272517	0.0444598	0.822526	0.0148373	84.7895	6.80231
6	270	1	1	11	6	0.28067	0.055649	0.816353	0.015915	86.6471	6.29604
6	280	0	0	13	9	0.283051	0.0392274	0.87	0.0113137	74.1364	6.21066
6	280	0	1	13	11	0.293412	0.0578027	0.805917	0.0124429	91.0417	6.85857
6	280	1	0	14	5	0.286421	0.0483334	0.793263	0.0457417	89.2632	5.97223
6	280	1	1	10	7	0.27487	0.0558364	0.822	0.0823736	83.8235	7.99438
6	290	0	0	14	4	0.292755	0.0434073	0.854222	0.0640482	77.0556	9.18617
6	290	0	1	7	10	0.325444	0.0366808	0.845882	0.0345762	86.2353	11.9387
6	290	1	0	10	8	0.287718	0.0453474	0.778111	0.0257723	91.6667	6.51494
6	290	1	1	10	10	0.32979	0.0516216	0.8186	0.0235381	83.25	7.64117
6	300	0	0	9	11	0.259133	0.0288892	0.7964	0.028161	89.05	5.8947
6	300	0	1	14	14	0.290071	0.0390263	0.816429	0.0357386	90.8214	7.18159
6	300	1	0	9	10	0.320778	0.0423527	0.813474	0.0389269	84.7895	8.46404
6	300	1	1	14	8	0.313958	0.0581602	0.799091	0.0198973	84	7.59785
6	310	0	0	14	6	0.268158	0.0405158	0.7904	0.0217495	95.05	4.75894
6	310	0	1	10	13	0.267539	0.0381057	0.822	0.0262231	89.5217	5.16569
6	310	1	0	5	7	0.296403	0.0544371	0.8255	0.0268592	86.9167	5.39225
6	310	1	1	9	12	0.289379	0.0353878	0.844667	0.0155206	84.0952	7.35433
6	320	0	0	9	12	0.312656	0.0377064	0.775333	0.0247912	93.9524	5.09413
6	320	0	1	10	6	0.30247	0.0323342	0.826375	0.0445882	88.9375	6.48526
6	320	1	0	5	13	0.293266	0.0263401	0.827333	0.0256645	90.5556	4.33618
6	320	1	1	8	11	0.258628	0.0377665	0.850421	0.0308038	94.4211	6.32718
6	330	0	0	11	15	0.298636	0.0357619	0.815385	0.0278334	90.2308	5.35873
6	330	0	1	11	11	0.25195	0.0492133	0.807091	0.0598991	94.5455	9.22313
6	330	1	0	5	12	0.2975	0.0411058	0.822235	0.029071	89.2941	6.84934
6	330	1	1	9	9	0.244516	0.0350042	0.815333	0.0230072	94	8.04156
6	340	0	0	9	12	0.284962	0.0493031	0.833238	0.0229739	89.4286	6.91838
6	340	0	1	8	8	0.289175	0.0291406	0.816375	0.021345	96.6875	5.82794
6	340	1	0	15	6	0.286599	0.0347954	0.851429	0.02085	88.2857	6.35567
6	340	1	1	14	4	0.257903	0.0271025	0.833667	0.0501254	98.7222	8.4709
6	350	0	0	8	11	0.322818	0.0355711	0.846211	0.0160249	84.8947	5.55257
6	350	0	1	4	12	0.23741	0.0473347	0.854875	0.0307894	88	4.01559
6	350	1	0	13	7	0.233074	0.0285126	0.89	0.011349	92.9	6.11474
6	350	1	1	7	14	0.28264	0.0302859	0.850571	0.0221952	101.667	6.32706
6	360	0	0	7	14	0.294351	0.0243797	0.896381	0.0235483	86.3333	4.48631
6	360	0	1	8	11	0.28986	0.0259575	0.833474	0.0284242	92.4737	4.87063
6	360	1	0	13	10	0.227141	0.0436812	0.872609	0.0218965	95.3043	6.19561
6	360	1	1	9	12	0.272674	0.0266875	0.887429	0.017459	95.5238	7.0685
6	370	0	0	1	3	0.204134	0.0395859	0.887	0.0345398	89	2.54951
6	370	0	1	12	9	0.275423	0.0201048	0.873619	0.0166375	91.7619	3.05357
6	370	1	0	10	12	0.253533	0.0278905	0.839455	0.0272709	98.0455	7.29556
6	370	1	1	8	9	0.291705	0.0394714	0.804	0.0621914	102.235	6.97499
6	380	0	1	9	8	0.207436	0.0382155	0.885529	0.0120495	98.5882	3.83573
6	380	1	0	13	8	0.27616	0.0376521	0.890667	0.0111839	83.8571	4.67298
6	380	1	1	11	12	0.307618	0.0296199	0.85513	0.0132511	94.7391	5.29329
6	390	0	1	7	11	0.191529	0.01908	0.902333	0.0116094	98.6667	3.90157
6	390	1	0	9	10	0.220451	0.0316148	0.914526	0.0140502	86.5263	3.99168
6	390	1	1	17	5	0.27316	0.0325101	0.893364	0.01526	89.4545	4.27176
6	400	0	1	7	6	0.162755	0.016495	0.918769	0.0190633	100.846	2.38089
6	400	1	0	7	7	0.218383	0.0347885	0.924286	0.0090981	89.1429	3.70052
6	400	1	1	9	12	0.250801	0.0275721	0.898857	0.0107893	92.9048	5.22726
6	410	1	0	10	11	0.178189	0.0178783	0.946667	0.014558	93.1905	4.22711
6	420	1	0	3	0	0.203783	0.00164818	0.962	0.00748331	84.3333	1.24722
7	0	0	0	12	7	0.978386	0.0200526	0	0	1.21053	0.766327
7	0	0	1	8	15	0.988582	0.0202144	0	0	0.826087	0.962432
7	0	1	0	17	8	0.98938	0.016199	0	0	0.76	0.81388
7	0	1	1	5	14	0.98624	0.0239784	0	0	0.736842	0.848659
7	10	0	0	14	8	0.838548	0.0809035	0.252364	0.088785	10.5	2.84045
7	10	0	1	10	8	0.882744	0.0498418	0.320778	0.0465338	8.66667	2.18581
7	10	1	0	9	13	0.848601	0.0697037	0.195545	0.0598207	10.2727	4.17984
7	10	1	1	11	8	0.810797	0.0773388	0.167158	0.082038	12.5789	3.43842
7	20	0	0	9	11	0.732016	0.066629	0.3606	0.0861489	19.1	3.6318
7	20	0	1	14	9	0.753293	0.101451	0.363565	0.055218	17.7391	4.03482
7	20	1	0	10	9	0.75644	0.0771991	0.356	0.0590094	15.9474	3.06892
7	20	1	1	6	12	0.70111	0.0529057	0.370667	0.077846	20.3889	3.80261
7	30	0	0	12	7	0.607299	0.0680704	0.420737	0.127753	24.8947	2.57303
7	30	0	1	17	12	0.557581	0.086962	0.513724	0.0359798	29.9655	3.39861
7	30	1	0	12	8	0.705573	0.0494847	0.6099	0.0403806	17.05	4.0432
7	30	1	1	10	10	0.738903	0.0745021	0.517	0.0845683	18.05	2.41816
7	40	0	0	11	9	0.55318	0.0838787	0.493	0.0388767	33.45	4.87314
7	40	0	1	9	9	0.547312	0.0963025	0.399333	0.170242	32.4444	4.52428
7	40	1	0	11	9	0.549756	0.0625513	0.6886	0.0744207	27.7	3.2573
7	40	1	1	12	8	0.577018	0.0609345	0.4628	0.0708954	24.85	6.01893
7	50	0	0	7	13	0.576669	0.0814535	0.6561	0.0324436	36.05	2.78343
7	50	0	1	7	11	0.422933	0.102145	0.514222	0.0233418	34.8333	3.80424
7	50	1	0	15	12	0.436862	0.0455319	0.697556	0.046842	32.4444	3.43547
7	50	1	1	7	13	0.57639	0.0794737	0.6454	0.0394162	26.65	5.2941
7	60	0	0	10	11	0.515221	0.0426742	0.588	0.103954	45.4762	3.9233
7	60	0	1	14	10	0.367422	0.0570444	0.674667	0.0217077	39.6667	4.33654
7	60	1	0	7	10	0.406086	0.0318603	0.738118	0.0163559	36.1176	3.4621
7	60	1	1	11	10	0.500306	0.067306	0.687905	0.0553447	31.9048	4.16224
7	70	0	0	10	11	0.479061	0.0598807	0.623238	0.0589478	46.0476	3.49797
7	70	0	1	15	7	0.344863	0.0602284	0.608364	0.153748	49.8182	8.01497
7	70	1	0	10	8	0.344048	0.0501727	0.820667	0.0259315	39.3889	4.33511
7	70	1	1	11	10	0.452431	0.0753293	0.729524	0.0245097	40.1905	3.5673
7	80	0	0	7	10	0.508168	0.0699123	0.636353	0.0189393	43.3529	4.28323
7	80	0	1	7	11	0.399437	0.0618233	0.659444	0.0275343	52.2222	4.97277
7	80	1	0	13	11	0.303132	0.0449423	0.856167	0.0291085	45.7917	4.32029
7	80	1	1	7	10	0.400345	0.0923856	0.783765	0.0300735	43.2941	3.44306
7	90	0	0	9	8	0.47404	0.0516637	0.729294	0.0262023	42.6471	4.54961
7	90	0	1	10	12	0.394808	0.0421323	0.770182	0.0215652	56.2273	5.38459
7	90	1	0	9	12	0.262244	0.0435472	0.886286	0.00853644	53.5238	3.69838
7	90	1	1	7	10	0.413968	0.0432795	0.830941	0.0137562	52.7059	3.30356
7	100	0	0	11	8	0.457364	0.0442889	0.667263	0.132692	49.5789	9.68621
7	100	0	1	8	9	0.399259	0.0439509	0.842706	0.0222175	55	6.6598
7	100	1	0	9	9	0.32031	0.0526816	0.688444	0.0586688	67.3889	5.98274
7	100	1	1	13	11	0.418542	0.0532587	0.88525	0.0149199	47.0833	4.41509
7	110	0	0	10	10	0.430034	0.0615536	0.5561	0.0388869	60.25	5.35607
7	110	0	1	9	6	0.375543	0.0536747	0.6396	0.0942032	64.2667	8.20135
7	110	1	0	8	9	0.324785	0.0904089	0.584353	0.219963	76.6471	10.5381
7	110	1	1	9	7	0.415018	0.0621711	0.682	0.0297909	61.4375	6.26467
7	120	0	0	11	13	0.357754	0.0514257	0.727083	0.0235866	60.1667	7.34091
7	120	0	1	13	5	0.301273	0.0442717	0.653556	0.0767552	76.2778	7.225
7	120	1	0	8	15	0.330072	0.0370338	0.715043	0.0181766	75.6087	4.94965
7	120	1	1	11	11	0.287713	0.0488707	0.775636	0.0254461	62.9091	4.52176
7	130	0	0	7	11	0.370747	0.0577443	0.595556	0.155327	66.2778	7.14769
7	130	0	1	15	13	0.393261	0.0768445	0.528286	0.0362322	78.6786	7.05617
7	130	1	0	10	10	0.357924	0.0624164	0.5406	0.0554079	73.4	7.81281
7	130	1	1	10	12	0.381085	0.0408555	0.571636	0.0626263	74.9091	8.36067
7	140	0	0	5	18	0.315313	0.0496544	0.667043	0.0704911	65.8261	9.05371
7	140	0	1	8	4	0.354957	0.0453036	0.620333	0.046782	78.4167	5.93659
7	140	1	0	7	13	0.335157	0.0407747	0.6205	0.0969781	73.7	10.2767
7	140	1	1	10	9	0.305559	0.0601061	0.639789	0.0376348	74.5789	8.85744
7	150	0	0	12	13	0.351089	0.0573213	0.598	0.022698	72.6	5.64269
7	150	0	1	8	7	0.402855	0.0576334	0.6364	0.0536915	79.2	5.70614
7	150	1	0	10	9	0.306249	0.0366481	0.627474	0.0340269	80.5789	5.56602
7	150	1	1	9	13	0.375294	0.0432871	0.667091	0.0217818	70.0909	5.52605
7	160	0	0	9	12	0.352397	0.0582325	0.662571	0.0314606	77.381	6.72222
7	160	0	1	13	10	0.450115	0.0716655	0.664783	0.0542001	73.5217	7.18616
7	160	1	0	12	9	0.377317	0.0560759	0.614762	0.0307771	79.2381	6.1714
7	160	1	1	6	14	0.347448	0.0639577	0.6715	0.0465054	71.2	9.55824
7	170	0	0	13	9	0.37246	0.0828778	0.693273	0.0355913	80.5	6.60406
7	170	0	1	15	8	0.466083	0.0527749	0.703304	0.0169666	69.4783	4.91554
7	170	1	0	11	3	0.360015	0.04456	0.732571	0.0937853	71.1429	7.38587
7	170	1	1	13	8	0.288516	0.0578103	0.745524	0.0542794	78.8095	6.41886
7	180	0	0	9	11	0.310605	0.0322733	0.7306	0.0215601	81.4	6.43739
7	180	0	1	11	8	0.450014	0.0671711	0.777895	0.0299014	66.0526	7.51471
7	180	1	0	10	11	0.321182	0.0619034	0.781333	0.0369315	69.619	7.97303
7	180	1	1	11	11	0.339023	0.0596214	0.745364	0.0223882	77.4545	6.54167
7	190	0	0	13	6	0.314142	0.0408689	0.716737	0.0257944	88	5.30144
7	190	0	1	13	8	0.352114	0.0723812	0.750571	0.0650952	80.6667	9.77038
7	190	1	0	6	6	0.28459	0.0407182	0.785833	0.026614	78.3333	5.35931
7	190	1	1	7	8	0.365255	0.0639301	0.6652	0.0851878	86.1333	10.7509
7	200	0	0	9	11	0.312552	0.0600045	0.7644	0.0802411	78.8	6.76461
7	200	0	1	14	7	0.376401	0.0460172	0.838381	0.024647	71.8571	3.74529
7	200	1	0	11	10	0.336025	0.0483038	0.766286	0.0314978	77.2381	5.72301
7	200	1	1	5	13	0.214465	0.0356647	0.776667	0.032311	84.7778	10.4486
7	210	0	0	9	9	0.303768	0.0301747	0.785556	0.0179327	77.2222	5.03935
7	210	0	1	9	10	0.330009	0.0290508	0.874842	0.0154145	78.8421	5.00803
7	210	1	0	10	9	0.283169	0.0389889	0.757263	0.0290351	81.4737	4.72806
7	210	1	1	9	9	0.277057	0.0546824	0.749111	0.0222233	87.6667	8.60878
7	220	0	0	7	10	0.274056	0.0297506	0.806941	0.0452346	82.1765	8.6176
7	220	0	1	10	11	0.293343	0.0263765	0.735429	0.0403374	97.9048	8.86354
7	220	1	0	7	8	0.280166	0.0280368	0.805733	0.0302687	80.4667	7.21911
7	220	1	1	9	11	0.289397	0.0443295	0.8292	0.0240117	73.9	5.45802
7	230	0	0	9	8	0.272276	0.0339404	0.817176	0.0253731	84.3529	4.26947
7	230	0	1	6	8	0.255506	0.0611873	0.769714	0.0463456	97.5714	9.24055
7	230	1	0	13	5	0.297959	0.0525611	0.784444	0.0261411	87.7778	6.45975
7	230	1	1	11	9	0.308007	0.0387568	0.8816	0.02372	68.05	4.64193
7	240	0	0	14	4	0.29008	0.0351524	0.804	0.0384592	90.2778	7.27099
7	240	0	1	9	7	0.174999	0.0220893	0.803375	0.0211981	101.938	7.38638
7	240	1	0	8	12	0.271493	0.0407193	0.818	0.0324715	92.25	5.99896
7	240	1	1	5	13	0.350648	0.0577733	0.843222	0.0140497	72.8889	2.82624
7	250	0	0	12	3	0.22017	0.0425817	0.8232	0.051525	99.7333	6.96148
7	250	1	0	2	12	0.219482	0.0366402	0.782143	0.0381011	97.2857	5.27025
7	250	1	1	7	14	0.295743	0.0516846	0.910095	0.0132733	71.381	3.92157
7	260	0	0	11	8	0.253656	0.0386474	0.858632	0.0327353	86.3684	7.24903
7	260	1	0	6	15	0.183085	0.0247416	0.841048	0.0103394	95.7143	4.62027
7	260	1	1	16	9	0.27288	0.0466946	0.91872	0.0119047	69.96	3.09167
7	270	0	0	7	10	0.224493	0.0392306	0.886235	0.0169134	90.3529	4.5754
7	270	1	0	5	3	0.226629	0.0184123	0.813	0.0938829	99.625	17.6984
7	270	1	1	13	8	0.263442	0.0201095	0.937905	0.00943098	74.1905	2.87218
7	280	1	0	15	6	0.200204	0.0356647	0.882095	0.0146252	96.8095	4.63546
7	280	1	1	7	9	0.197055	0.0313259	0.94575	0.00818153	82.375	5.59994
7	290	1	0	5	2	0.164692	0.00608651	0.912857	0.0116549	92.4286	2.12852
7	290	1	1	2	2	0.216491	0.0120597	0.951	0.0107238	78	2.73861
7	300	1	0	1	2	0.130251	0.0100628	0.964667	0.00339935	90.6667	5.4365
8	0	0	0	5	9	0.986341	0.0167344	0	0	0.642857	0.811273
8	0	0	1	8	12	0.987492	0.0192002	0	0	1.15	1.06184
8	0	1	0	3	12	0.991372	0.0163808	0	0	0.666667	0.788811
8	0	1	1	13	8	0.989002	0.011815	0	0	0.952381	0.898474
8	10	0	0	9	10	0.785211	0.0828022	0.340211	0.0803044	10.6316	2.79493
8	10	0	1	12	9	0.910645	0.04524	0.25219	0.0657873	7.47619	2.87218
8	10	1	0	10	12	0.865311	0.0368272	0.349182	0.0755818	10.0909	1.75575
8	10	1	1	11	6	0.832387	0.0825521	0.283176	0.0642387	10.7647	3.35243
8	20	0	0	10	8	0.791242	0.056947	0.304	0.0955755	15.3889	3.38524
8	20	0	1	6	17	0.794774	0.0512345	0.323652	0.0469696	16.7391	2.60797
8	20	1	0	6	9	0.842607	0.0501894	0.456667	0.0524324	14.8	2.87981
8	20	1	1	6	6	0.751109	0.0545967	0.506667	0.0586364	14.4167	3.75185
8	30	0	0	8	6	0.598103	0.086088	0.371143	0.0586842	28.2857	2.54751
8	30	0	1	5	11	0.694365	0.0727254	0.471375	0.036522	21.4375	3.53498
8	30	1	0	12	13	0.790658	0.0534438	0.62688	0.0314761	22.6	2.69815
8	30	1	1	13	10	0.747338	0.0680574	0.405739	0.0685154	20.2174	4.13844
8	40	0	0	18	10	0.598072	0.0615442	0.583286	0.0377481	24.9643	3.75578
8	40	0	1	10	12	0.561615	0.0792509	0.644909	0.0389486	28.6818	4.39407
8	40	1	0	9	6	0.694557	0.0690831	0.745067	0.0208342	28.9333	3.12979
8	40	1	1	5	7	0.672806	0.0462971	0.601833	0.0251457	19.75	2.71186
8	50	0	0	13	11	0.494064	0.0855062	0.694	0.028243	31.5833	3.78502
8	50	0	1	11	11	0.557717	0.0419188	0.627545	0.046409	31.9091	3.95324
8	50	1	0	6	12	0.564846	0.0521544	0.813889	0.0211395	34.3333	2.68742
8	50	1	1	8	7	0.535312	0.0425743	0.7288	0.0226957	23.5333	2.44586
8	60	0	0	8	13	0.463941	0.082824	0.703238	0.197039	37.5714	6.51424
8	60	0	1	8	13	0.547817	0.0686964	0.725619	0.0292875	38.381	3.60524
8	60	1	0	8	8	0.593319	0.0436519	0.865	0.0188812	34.5	3.98434
8	60	1	1	10	7	0.530651	0.0460236	0.850706	0.0174483	29.6471	4.08644
8	70	0	0	12	9	0.412326	0.05832	0.828476	0.0172809	38.2381	3.40734
8	70	0	1	9	15	0.521289	0.0744749	0.797167	0.026356	36.25	3.67707
8	70	1	0	12	8	0.55631	0.0448349	0.8912	0.0148243	36.3	4.72335
8	70	1	1	7	13	0.48116	0.050314	0.8792	0.0155358	34.2	2.80357
8	80	0	0	11	10	0.449748	0.0827611	0.47619	0.137702	47.8571	5.98638
8	80	0	1	10	8	0.525375	0.0742629	0.649889	0.0755909	39.7778	2.93552
8	80	1	0	8	10	0.547671	0.0572214	0.718889	0.0368554	37.7222	4.69995
8	80	1	1	7	9	0.430222	0.0411866	0.908375	0.0123737	35	5.02494
8	90	0	0	11	5	0.339593	0.0423714	0.5645	0.0780465	51.9375	4.98082
8	90	0	1	4	11	0.453725	0.055022	0.652667	0.049755	41.7333	5.17
8	90	1	0	7	11	0.486515	0.0551773	0.715333	0.110016	41.4444	5.58989
8	90	1	1	11	11	0.386439	0.0518724	0.926	0.0124608	39.2727	3.59522
8	100	0	0	9	13	0.352729	0.066196	0.722182	0.0222458	53.5909	4.21749
8	100	0	1	11	11	0.375907	0.0493663	0.594182	0.149989	53.9545	6.5953
8	100	1	0	10	11	0.433492	0.0495323	0.710762	0.0312865	48	3.98808
8	100	1	1	11	13	0.457568	0.0537503	0.750333	0.0187676	46.6667	3.55512
8	110	0	0	12	9	0.36654	0.0782181	0.62181	0.0578468	58.7619	5.3799
8	110	0	1	9	5	0.399043	0.0463132	0.539143	0.0720346	58	6.22208
8	110	1	0	8	11	0.415802	0.0537058	0.549368	0.0802261	55.2632	6.79661
8	110	1	1	7	16	0.410587	0.0541486	0.807304	0.0732752	51.3478	4.39969
8	120	0	0	4	12	0.363378	0.0441731	0.51625	0.0528246	65.5625	8.16217
8	120	0	1	12	13	0.406901	0.0506771	0.52768	0.0715825	60.76	6.33896
8	120	1	0	13	8	0.410254	0.0589291	0.645238	0.0794684	57.8095	4.90499
8	120	1	1	12	7	0.415026	0.0559259	0.834211	0.0233409	49.7895	3.81933
8	130	0	0	7	6	0.364354	0.0472757	0.604462	0.0340331	65.4615	6.05888
8	130	0	1	8	13	0.356344	0.0793003	0.625333	0.0407002	65.7619	5.36217
8	130	1	0	10	7	0.42584	0.0493282	0.605765	0.0626621	63.3529	9.10036
8	130	1	1	8	9	0.376094	0.0368998	0.879059	0.0195372	50.4118	3.43098
8	140	0	0	12	10	0.389175	0.0533926	0.646364	0.0272673	63.9091	3.99897
8	140	0	1	14	8	0.355347	0.0510095	0.678727	0.045088	72.2273	4.55204
8	140	1	0	5	15	0.381459	0.0427509	0.737	0.0274918	63.2	5.46443
8	140	1	1	7	10	0.346868	0.0430817	0.894353	0.0138604	51.4706	3.89748
8	150	0	0	6	8	0.399812	0.0448778	0.763571	0.0364588	56.6429	5.2182
8	150	0	1	9	8	0.319512	0.0347567	0.789765	0.0159393	71.4118	6.97102
8	150	1	0	11	4	0.334512	0.0385925	0.822933	0.0217852	63.7333	7.31634
8	150	1	1	6	8	0.332154	0.0466315	0.902143	0.0162914	52.0714	5.76274
8	160	0	0	8	11	0.301634	0.0543459	0.841263	0.0163927	59.4737	6.44302
8	160	0	1	11	13	0.312899	0.0421539	0.761833	0.0198991	70.625	6.79346
8	160	1	0	8	9	0.32477	0.031239	0.865765	0.0132111	60.4706	6.26022
8	160	1	1	9	9	0.305915	0.0334226	0.914556	0.0103022	56.7778	3.473
8	170	0	0	9	6	0.239612	0.032638	0.874	0.0133267	67.1333	6.56117
8	170	0	1	13	11	0.32315	0.0426212	0.811083	0.0168026	73.9167	6.49947
8	170	1	0	12	9	0.304519	0.0343251	0.888476	0.0117255	55.3333	3.80893
8	170	1	1	11	12	0.275036	0.0321198	0.927391	0.00887468	61.087	3.36107
8	180	0	0	11	9	0.182189	0.0192353	0.9265	0.0126945	66.55	3.49964
8	180	0	1	7	7	0.271486	0.0617242	0.850714	0.0135142	79.6429	6.87238
8	180	1	0	13	11	0.281583	0.0309732	0.90325	0.0118013	62.25	3.55023
8	180	1	1	10	7	0.248288	0.0312999	0.938118	0.00830225	62.5882	3.0881
8	190	0	0	12	9	0.186639	0.0138581	0.92581	0.0126024	66.4286	3.27431
8	190	0	1	10	10	0.281151	0.0432556	0.885	0.0161802	72.7	5.10979
8	190	1	0	14	8	0.237216	0.0369288	0.926636	0.01076	67.8182	3.73724
8	190	1	1	11	8	0.23377	0.0325624	0.944526	0.00534463	70.1579	3.37581
8	200	0	0	9	9	0.183747	0.0110345	0.929556	0.00823423	67.3889	3.38524
8	200	0	1	7	14	0.246448	0.0422212	0.918286	0.0111319	71.4286	4.04229
8	200	1	0	6	10	0.217671	0.0178895	0.923875	0.017255	68.375	4.0601
8	200	1	1	7	8	0.193526	0.0309445	0.938	0.00783156	79	4.97996
8	210	0	0	1	0	0.176408	0	0.922	0	71	0
8	210	0	1	9	8	0.234425	0.035221	0.924118	0.0111771	68.8235	3.91431
8	210	1	0	4	4	0.172975	0.0320946	0.9475	0.00739932	72.625	2.78107
8	210	1	1	6	10	0.176467	0.0246815	0.954125	0.00952546	78.25	6.04669
8	220	0	1	8	12	0.211657	0.0296806	0.936	0.0086487	70.3	4.17253
8	230	0	1	1	1	0.21876	0.00824012	0.952	0	66.5	0.5
9	0	0	0	8	14	0.986168	0.0260403	0	0	0.818182	1.33609
9	0	0	1	6	9	0.988227	0.0133133	0	0	0.666667	0.699206
9	0	1	0	13	5	0.981942	0.0225773	0	0	0.944444	1.07869
9	0	1	1	8	16	0.979463	0.0206775	0	0	1.20833	0.999132
9	10	0	0	14	9	0.878923	0.0522222	0.148	0.0490572	10.913	2.82709
9	10	0	1	9	13	0.866028	0.0556822	0.258818	0.110979	10.2727	2.66598
9	10	1	0	7	11	0.826039	0.0685825	0.258333	0.171376	11.5	2.89156
9	10	1	1	17	5	0.88356	0.0603537	0.276818	0.142363	7.45455	3.011
9	20	0	0	7	7	0.734575	0.0785693	0.337857	0.0834316	20.5	2.66592
9	20	0	1	16	7	0.792171	0.101153	0.404174	0.097679	17.4783	3.80925
9	20	1	0	6	14	0.731279	0.0932226	0.3354	0.0510886	18.3	2.7037
9	20	1	1	11	9	0.784924	0.0607435	0.3058	0.10844	18.4	2.83549
9	30	0	0	8	11	0.583178	0.0729697	0.456	0.061109	29.8947	5.04605
9	30	0	1	7	9	0.67666	0.063817	0.56025	0.0580985	23.8125	3.32074
9	30	1	0	9	12	0.65124	0.081551	0.499429	0.0588206	25.619	2.9837
9	30	1	1	7	5	0.677827	0.0573954	0.517667	0.0354291	26.5	2.29129
9	40	0	0	8	11	0.527002	0.0577842	0.497579	0.0799936	36.3684	4.80362
9	40	0	1	15	11	0.570386	0.0785906	0.664077	0.0211622	31.5769	4.84509
9	40	1	0	9	10	0.57967	0.0669221	0.375789	0.174897	35.2105	6.27928
9	40	1	1	10	11	0.540369	0.0637905	0.463238	0.106081	35.2857	4.51603
9	50	0	0	8	12	0.557159	0.0942395	0.4501	0.0623714	39.85	6.15041
9	50	0	1	10	10	0.558825	0.0805995	0.7278	0.0249952	37.8	4.38862
9	50	1	0	11	8	0.613174	0.0682354	0.511474	0.0395067	37.6842	5.70367
9	50	1	1	12	7	0.498161	0.0997925	0.448737	0.153453	41.9474	6.8015
9	60	0	0	10	10	0.505179	0.0791653	0.5356	0.118476	46.35	4.54175
9	60	0	1	12	19	0.544709	0.0581375	0.706839	0.0923007	42.9032	3.71878
9	60	1	0	8	10	0.640928	0.0688414	0.611444	0.0282041	35.0556	2.50493
9	60	1	1	6	12	0.613211	0.0864011	0.424556	0.068818	39.3333	6.59966
9	70	0	0	7	14	0.490193	0.0703059	0.476571	0.0891316	52.9524	6.37313
9	70	0	1	13	8	0.554871	0.0620918	0.719905	0.0194052	44	4.50397
9	70	1	0	10	8	0.561606	0.0590359	0.728889	0.0427874	36.1667	3.23608
9	70	1	1	11	9	0.559518	0.0718869	0.5506	0.0417617	44.2	5.94643
9	80	0	0	10	8	0.477867	0.0552857	0.543889	0.0977263	55.4444	7.78333
9	80	0	1	7	8	0.513576	0.0734482	0.741867	0.0308326	45.8667	5.23917
9	80	1	0	7	15	0.550618	0.0553713	0.75	0.123279	37.5	3.95141
9	80	1	1	13	7	0.42671	0.0628848	0.6658	0.0282977	44.1	3.43366
9	90	0	0	11	14	0.392318	0.0776578	0.68592	0.033171	56.12	6.16649
9	90	0	1	10	12	0.397482	0.0597302	0.789545	0.0211912	51.0455	5.90437
9	90	1	0	11	10	0.417732	0.051954	0.800571	0.0156161	44.1905	3.36111
9	90	1	1	6	13	0.390347	0.0640801	0.659684	0.113455	50.8421	11.3752
9	100	0	0	13	9	0.412726	0.0443619	0.726545	0.0451188	54.6818	5.93439
9	100	0	1	11	9	0.380615	0.0618692	0.8344	0.0298905	51.75	3.22296
9	100	1	0	12	14	0.406451	0.0518909	0.584308	0.116873	57	5.63642
9	100	1	1	13	8	0.430114	0.0764433	0.665524	0.057251	55.619	5.61864
9	110	0	0	12	7	0.408109	0.0683736	0.789789	0.0288217	53.9474	3.91319
9	110	0	1	7	9	0.391098	0.034948	0.830375	0.0177231	53.3125	2.95209
9	110	1	0	18	10	0.372106	0.0719247	0.678643	0.0359883	54	3.81725
9	110	1	1	8	11	0.441264	0.0569502	0.607263	0.0508588	60.0526	5.8262
9	120	0	0	9	12	0.43949	0.0545128	0.761524	0.0334545	53.9048	3.70206
9	120	0	1	8	10	0.34128	0.0297914	0.861	0.0186696	57.1667	4.25898
9	120	1	0	8	13	0.380213	0.0629753	0.698	0.0469285	52.4762	5.05794
9	120	1	1	13	3	0.412014	0.0432693	0.702875	0.0367829	56	3.96863
9	130	0	0	10	11	0.387736	0.056512	0.680762	0.0928644	62.2857	6.01698
9	130	0	1	12	11	0.289873	0.0501333	0.902783	0.0188702	54.0435	2.77376
9	130	1	0	6	8	0.38175	0.0363724	0.719429	0.0213733	56.4286	4.16986
9	130	1	1	8	10	0.372747	0.0372913	0.796333	0.0250887	54.1667	4.86769
9	140	0	0	13	8	0.299626	0.0503971	0.760857	0.0633857	70.2381	6.68976
9	140	0	1	7	6	0.216911	0.0288435	0.911692	0.0113909	58.9231	2.58581
9	140	1	0	10	8	0.367589	0.0434267	0.809667	0.0416507	50.7778	6.08783
9	140	1	1	10	10	0.337536	0.0278871	0.7729	0.0187774	59	3.42053
9	150	0	0	10	7	0.301135	0.0403089	0.665882	0.0382344	73.9412	5.29673
9	150	0	1	8	8	0.186995	0.0323141	0.92025	0.0108829	64.8125	2.35103
9	150	1	0	16	7	0.332916	0.0519316	0.854957	0.0148484	60.3043	5.1536
9	150	1	1	10	15	0.307977	0.0454602	0.77096	0.035706	64.92	5.92567
9	160	0	0	10	15	0.268125	0.0294949	0.72744	0.036501	69.64	4.33479
9	160	0	1	2	2	0.126271	0.0109027	0.9345	0.00517204	73.75	3.34477
9	160	1	0	12	7	0.353545	0.0387419	0.868105	0.0117065	56.7368	3.91814
9	160	1	1	12	5	0.244677	0.0306078	0.839529	0.0111783	70.9412	2.87935
9	170	0	0	7	13	0.291553	0.0376564	0.8087	0.0216728	61.75	3.57596
9	170	1	0	10	4	0.285835	0.0277727	0.896571	0.0108346	63	3.52542
9	170	1	1	9	11	0.204252	0.0235762	0.8574	0.0162	73.2	3.7229
9	180	0	0	9	8	0.262762	0.0284574	0.852353	0.010499	61.8824	7.11157
9	180	1	0	14	8	0.305874	0.0342387	0.917273	0.00967744	60.9545	2.77124
9	190	0	0	10	10	0.207557	0.0374258	0.8743	0.0120046	64.8	5.82752
9	190	1	0	8	14	0.27687	0.0537342	0.714364	0.0362749	71.8636	7.3503
9	190	1	1	1	0	0.37688	0	0.692	0	73	0
9	200	0	0	2	3	0.133858	0.0378936	0.9224	0.009992	69.2	2.31517
9	200	1	0	11	7	0.227777	0.036912	0.818889	0.0211473	68.2222	5.46255
9	210	0	1	0	1	0.174663	0	0.906	0	70	0
9	210	1	0	9	10	0.198523	0.0231059	0.868842	0.0233176	71.1579	4.4041
9	220	1	0	7	5	0.205852	0.0215117	0.876833	0.0158421	70.3333	4.66071
