rep	gen	x	y	Nf	Nm	W	Wstd	Homoz	Hstd	DelMut	DelMutSd
0	0	0	0	30	23	0.999099	0.00385871	0	0	0.0943396	0.292301
0	0	0	1	19	27	0.999673	0.00180379	0	0	0.0434783	0.203931
0	0	0	2	22	23	0.997908	0.0070151	0	0	0.177778	0.528683
0	0	0	3	25	31	0.998801	0.00563669	0	0	0.142857	0.349927
0	0	0	4	21	23	0.999269	0.00293971	0	0	0.0681818	0.252058
0	0	0	5	22	23	0.999048	0.00472386	0	0	0.0666667	0.249444
0	0	0	6	28	29	0.998339	0.00791868	0	0	0.105263	0.359542
0	0	0	7	28	25	0.998382	0.00631884	0	0	0.0754717	0.264151
0	0	0	8	26	22	0.998735	0.00421436	0	0	0.145833	0.407716
0	0	0	9	27	35	0.998807	0.00478472	0	0	0.112903	0.363888
0	0	0	10	29	29	0.998995	0.00429337	0	0	0.0862069	0.280669
0	0	0	11	32	25	0.99861	0.00547977	0	0	0.122807	0.328216
0	0	0	12	31	17	0.999295	0.00293326	0	0	0.0625	0.242061
0	0	0	13	26	26	0.998596	0.00535452	0	0	0.0961538	0.294802
0	0	0	14	17	21	0.999028	0.00365664	0	0	0.0789474	0.269657
0	0	0	15	28	36	0.997132	0.00919301	0	0	0.109375	0.312109
0	0	0	16	21	26	0.999236	0.00323419	0	0	0.0638298	0.244449
0	0	0	17	29	20	0.999083	0.00384299	0	0	0.0816327	0.273804
0	0	0	18	17	26	0.996284	0.0124492	0	0	0.186047	0.58093
0	0	0	19	22	30	0.997826	0.00651148	0	0	0.173077	0.378314
0	0	1	0	24	27	0.999881	0.000839572	0	0	0.0196078	0.138648
0	0	1	1	25	24	0.997284	0.00735858	0	0	0.183673	0.387218
0	0	1	2	30	25	0.999133	0.00484953	0	0	0.0363636	0.187193
0	0	1	3	23	15	0.999788	0.00129025	0	0	0.0263158	0.160073
0	0	1	4	20	27	0.997472	0.0087957	0	0	0.148936	0.460283
0	0	1	5	30	29	0.998267	0.00615855	0	0	0.101695	0.302247
0	0	1	6	19	37	0.998337	0.0052192	0	0	0.125	0.330719
0	0	1	7	24	32	0.999533	0.00221206	0	0	0.0535714	0.22517
0	0	1	8	22	21	0.998231	0.00639891	0	0	0.139535	0.408138
0	0	1	9	31	29	0.997304	0.00955033	0	0	0.133333	0.339935
0	0	1	10	26	24	0.998089	0.00683835	0	0	0.16	0.417612
0	0	1	11	19	33	0.998517	0.00750145	0	0	0.0769231	0.330859
0	0	1	12	19	18	0.998142	0.00730495	0	0	0.0810811	0.27296
0	0	1	13	17	19	0.997888	0.00536489	0	0	0.194444	0.460642
0	0	1	14	31	29	0.999316	0.00376686	0	0	0.0333333	0.179505
0	0	1	15	21	32	0.999169	0.00469524	0	0	0.0566038	0.231084
0	0	1	16	24	30	0.998364	0.00578777	0	0	0.12963	0.335896
0	0	1	17	21	26	0.999063	0.00409182	0	0	0.0638298	0.244449
0	0	1	18	20	32	0.997632	0.00828542	0	0	0.134615	0.393644
0	0	1	19	30	16	0.998854	0.00524068	0	0	0.108696	0.311257
0	0	2	0	34	26	0.996789	0.00819386	0	0	0.216667	0.486198
0	0	2	1	24	23	0.998236	0.00571972	0	0	0.12766	0.33371
0	0	2	2	28	20	0.999916	0.000572579	0	0	0.0208333	0.142826
0	0	2	3	23	23	0.998337	0.00766603	0	0	0.0652174	0.246909
0	0	2	4	25	16	0.997965	0.00701341	0	0	0.146341	0.416781
0	0	2	5	32	18	0.999914	0.000605472	0	0	0.02	0.14
0	0	2	6	26	29	0.999255	0.00353239	0	0	0.0727273	0.259688
0	0	2	7	19	25	0.998461	0.0044562	0	0	0.181818	0.440698
0	0	2	8	24	23	0.998503	0.00682245	0	0	0.0638298	0.244449
0	0	2	9	29	22	0.997636	0.00780052	0	0	0.137255	0.344116
0	0	2	10	23	27	0.999444	0.00201539	0	0	0.1	0.3
0	0	2	11	29	26	0.999688	0.00143514	0	0	0.0545455	0.227091
0	0	2	12	31	33	0.99804	0.00760021	0	0	0.078125	0.268368
0	0	2	13	19	45	0.998234	0.00790789	0	0	0.09375	0.291481
0	0	2	14	27	25	0.999239	0.00456073	0	0	0.0384615	0.192308
0	0	2	15	24	29	0.999461	0.00276275	0	0	0.0754717	0.264151
0	0	2	16	17	21	0.997541	0.008473	0	0	0.105263	0.306892
0	0	2	17	25	23	0.997926	0.0082025	0	0	0.145833	0.352939
0	0	2	18	19	26	0.999615	0.00209969	0	0	0.0666667	0.249444
0	0	2	19	20	21	0.998348	0.00516993	0	0	0.121951	0.327229
0	0	3	0	17	30	0.997655	0.00814768	0	0	0.106383	0.308327
0	0	3	1	24	20	0.99906	0.00616145	0	0	0.0227273	0.149033
0	0	3	2	29	30	0.999388	0.00330847	0	0	0.0677966	0.251397
0	0	3	3	27	20	0.999068	0.00310746	0	0	0.0851064	0.27904
0	0	3	4	21	28	0.999799	0.000611545	0	0	0.122449	0.327804
0	0	3	5	30	21	0.998262	0.00804147	0	0	0.0784314	0.268849
0	0	3	6	15	25	0.998738	0.00743732	0	0	0.05	0.217945
0	0	3	7	23	26	0.998074	0.00542732	0	0	0.163265	0.42122
0	0	3	8	19	20	0.998081	0.00587467	0	0	0.128205	0.334318
0	0	3	9	19	29	0.997686	0.00764474	0	0	0.145833	0.352939
0	0	3	10	24	27	0.997481	0.0082266	0	0	0.117647	0.32219
0	0	3	11	21	27	0.997978	0.00762549	0	0	0.125	0.388641
0	0	3	12	26	21	0.999633	0.00222279	0	0	0.0425532	0.201848
0	0	3	13	15	30	0.997673	0.00938043	0	0	0.111111	0.378431
0	0	3	14	21	31	0.998395	0.00544464	0	0	0.0961538	0.294802
0	0	3	15	22	34	0.998294	0.00713549	0	0	0.107143	0.309295
0	0	3	16	26	27	0.99897	0.00518835	0	0	0.0943396	0.292301
0	0	3	17	21	32	0.998405	0.00604628	0	0	0.113208	0.316846
0	0	3	18	22	24	0.999957	0.000285825	0	0	0.0217391	0.145831
0	0	3	19	22	18	0.997787	0.00564012	0	0	0.175	0.379967
0	0	4	0	24	30	0.999612	0.00164213	0	0	0.0555556	0.229061
0	0	4	1	22	33	0.9996	0.00246085	0	0	0.0545455	0.227091
0	0	4	2	22	22	0.999543	0.00299738	0	0	0.0227273	0.149033
0	0	4	3	31	23	0.997722	0.00810092	0	0	0.12963	0.387121
0	0	4	4	26	39	0.998102	0.00616983	0	0	0.138462	0.345384
0	0	4	5	26	25	0.999905	0.000552301	0	0	0.0588235	0.235294
0	0	4	6	24	21	0.999796	0.00135496	0	0	0.0222222	0.147406
0	0	4	7	32	24	0.999007	0.00476928	0	0	0.0714286	0.257539
0	0	4	8	19	21	0.998863	0.00461105	0	0	0.125	0.330719
0	0	4	9	30	16	0.998522	0.00617901	0	0	0.0869565	0.281771
0	0	4	10	21	26	0.998182	0.00775841	0	0	0.12766	0.33371
0	0	4	11	29	25	0.997967	0.00965784	0	0	0.111111	0.368514
0	0	4	12	21	34	0.999426	0.00410333	0	0	0.0545455	0.296536
0	0	4	13	22	33	0.998135	0.00655502	0	0	0.163636	0.416201
0	0	4	14	29	28	0.998792	0.00412097	0	0	0.105263	0.306892
0	0	4	15	23	25	0.999334	0.00308366	0	0	0.0625	0.242061
0	0	4	16	24	26	0.998003	0.00603619	0	0	0.16	0.366606
0	0	4	17	26	29	0.997755	0.00808563	0	0	0.127273	0.333278
0	0	4	18	35	21	0.996985	0.00953259	0	0	0.178571	0.467025
0	0	4	19	28	27	0.999265	0.00283146	0	0	0.0727273	0.259688
0	0	5	0	18	26	0.9969	0.0101747	0	0	0.113636	0.317369
0	0	5	1	17	19	0.997907	0.00648999	0	0	0.166667	0.372678
0	0	5	2	24	31	0.999167	0.00291281	0	0	0.145455	0.352559
0	0	5	3	27	30	0.999796	0.00151501	0	0	0.0350877	0.184002
0	0	5	4	22	29	0.997003	0.00798531	0	0	0.196078	0.397029
0	0	5	5	29	28	0.999457	0.0028719	0	0	0.0526316	0.223297
0	0	5	6	21	25	0.998878	0.00434874	0	0	0.0869565	0.281771
0	0	5	7	28	30	0.998282	0.00903891	0	0	0.0689655	0.314153
0	0	5	8	23	27	0.999538	0.00196667	0	0	0.06	0.237487
0	0	5	9	29	29	0.997415	0.00828557	0	0	0.12069	0.325766
0	0	5	10	29	23	0.99986	0.000842772	0	0	0.0384615	0.192308
0	0	5	11	20	30	0.999143	0.00477998	0	0	0.1	0.360555
0	0	5	12	25	21	0.998694	0.00575725	0	0	0.0869565	0.281771
0	0	5	13	28	30	0.99975	0.00135023	0	0	0.0689655	0.314153
0	0	5	14	20	29	0.999649	0.00240239	0	0	0.0408163	0.197864
0	0	5	15	19	19	1	0	0	0	0	0
0	0	5	16	38	25	0.998398	0.004915	0	0	0.126984	0.377631
0	0	5	17	29	26	0.998976	0.00527478	0	0	0.0909091	0.344976
0	0	5	18	21	23	0.996642	0.009449	0	0	0.181818	0.385695
0	0	5	19	22	30	0.998742	0.00578173	0	0	0.0576923	0.233161
0	0	6	0	21	32	0.999559	0.00259786	0	0	0.0377358	0.190557
0	0	6	1	28	20	0.999458	0.00315541	0	0	0.0625	0.242061
0	0	6	2	30	24	0.996861	0.00857118	0	0	0.185185	0.433507
0	0	6	3	20	28	0.999528	0.00261783	0	0	0.0625	0.242061
0	0	6	4	25	19	0.998211	0.00700328	0	0	0.0681818	0.252058
0	0	6	5	25	17	0.996895	0.0101776	0	0	0.166667	0.431866
0	0	6	6	26	25	0.999233	0.00445286	0	0	0.0392157	0.194108
0	0	6	7	23	36	0.997974	0.0057418	0	0	0.152542	0.359546
0	0	6	8	21	28	0.999193	0.00478288	0	0	0.0408163	0.197864
0	0	6	9	36	24	0.999757	0.00186397	0	0	0.0166667	0.128019
0	0	6	10	17	27	0.99753	0.00760423	0	0	0.113636	0.317369
0	0	6	11	23	27	0.998898	0.00611569	0	0	0.16	0.417612
0	0	6	12	40	21	0.998871	0.0053094	0	0	0.0819672	0.274315
0	0	6	13	25	27	0.999781	0.000766283	0	0	0.0769231	0.266469
0	0	6	14	29	18	0.999411	0.0026521	0	0	0.0851064	0.27904
0	0	6	15	28	26	0.99855	0.00681712	0	0	0.12963	0.47322
0	0	6	16	18	23	0.998753	0.00493476	0	0	0.146341	0.353448
0	0	6	17	27	24	0.998207	0.00719496	0	0	0.0980392	0.357272
0	0	6	18	23	27	0.997078	0.00941659	0	0	0.14	0.4005
0	0	6	19	25	21	0.998677	0.00593253	0	0	0.130435	0.336781
0	0	7	0	33	19	0.999634	0.00219992	0	0	0.0961538	0.294802
0	0	7	1	24	27	0.998031	0.00648269	0	0	0.117647	0.32219
0	0	7	2	21	21	0.998383	0.00587818	0	0	0.119048	0.323845
0	0	7	3	27	27	0.998376	0.00660543	0	0	0.0740741	0.261891
0	0	7	4	24	32	0.998136	0.00799847	0	0	0.0892857	0.285156
0	0	7	5	21	20	0.999087	0.00340275	0	0	0.097561	0.29672
0	0	7	6	23	24	0.999113	0.0038625	0	0	0.0638298	0.244449
0	0	7	7	27	23	0.999111	0.00440453	0	0	0.06	0.237487
0	0	7	8	18	18	0.999475	0.00194313	0	0	0.0833333	0.276385
0	0	7	9	33	18	0.997913	0.00593183	0	0	0.156863	0.414092
0	0	7	10	23	27	0.999831	0.00101885	0	0	0.04	0.195959
0	0	7	11	26	18	0.9984	0.00786682	0	0	0.0454545	0.208299
0	0	7	12	27	26	0.998971	0.00425371	0	0	0.0566038	0.231084
0	0	7	13	26	24	0.998217	0.00642902	0	0	0.14	0.346987
0	0	7	14	19	25	0.998713	0.0047395	0	0	0.113636	0.317369
0	0	7	15	19	17	0.998298	0.00518228	0	0	0.138889	0.345831
0	0	7	16	30	22	0.999318	0.00461516	0	0	0.0576923	0.233161
0	0	7	17	20	34	0.999697	0.00162065	0	0	0.0555556	0.229061
0	0	7	18	27	25	0.998668	0.00551653	0	0	0.0961538	0.294802
0	0	7	19	38	31	0.998471	0.00599669	0	0	0.101449	0.301923
0	0	8	0	23	30	0.998484	0.00630366	0	0	0.132075	0.477325
0	0	8	1	27	17	0.999738	0.00114324	0	0	0.0681818	0.252058
0	0	8	2	22	23	0.998784	0.00509998	0	0	0.0888889	0.354164
0	0	8	3	20	33	0.997287	0.00949066	0	0	0.113208	0.316846
0	0	8	4	25	20	0.997659	0.00768309	0	0	0.111111	0.31427
0	0	8	5	26	19	0.998989	0.00412652	0	0	0.0666667	0.249444
0	0	8	6	32	24	0.999878	0.00071107	0	0	0.0357143	0.185577
0	0	8	7	23	29	0.99811	0.00683223	0	0	0.115385	0.319486
0	0	8	8	29	17	0.998112	0.00808761	0	0	0.108696	0.311257
0	0	8	9	20	18	1	0	0	0	0	0
0	0	8	10	20	20	0.9991	0.00376198	0	0	0.075	0.263391
0	0	8	11	23	14	0.999454	0.00181154	0	0	0.108108	0.310517
0	0	8	12	23	27	0.995278	0.012108	0	0	0.24	0.58515
0	0	8	13	27	21	0.996889	0.0101557	0	0	0.125	0.330719
0	0	8	14	30	25	0.996797	0.00951366	0	0	0.181818	0.385695
0	0	8	15	19	25	0.999664	0.00172598	0	0	0.113636	0.317369
0	0	8	16	22	22	0.999594	0.00232202	0	0	0.0454545	0.208299
0	0	8	17	19	20	0.999753	0.00130035	0	0	0.0769231	0.266469
0	0	8	18	26	19	0.998212	0.00548176	0	0	0.155556	0.362433
0	0	8	19	22	30	0.996629	0.0116937	0	0	0.153846	0.410657
0	0	9	0	18	34	0.998512	0.00506495	0	0	0.115385	0.319486
0	0	9	1	21	23	0.999791	0.00117774	0	0	0.0454545	0.208299
0	0	9	2	19	15	0.996889	0.00979036	0	0	0.147059	0.429251
0	0	9	3	21	26	0.998714	0.00574594	0	0	0.106383	0.37097
0	0	9	4	15	33	0.998444	0.00702049	0	0	0.104167	0.305477
0	0	9	5	19	29	0.99871	0.00401406	0	0	0.125	0.330719
0	0	9	6	22	24	0.999732	0.00179738	0	0	0.0217391	0.145831
0	0	9	7	26	23	0.998757	0.00655229	0	0	0.102041	0.302702
0	0	9	8	19	23	0.999303	0.00312019	0	0	0.047619	0.212959
0	0	9	9	19	23	0.999506	0.00260766	0	0	0.0714286	0.257539
0	0	9	10	31	21	0.999919	0.000579423	0	0	0.0192308	0.137335
0	0	9	11	24	27	0.998148	0.00745465	0	0	0.0980392	0.357272
0	0	9	12	24	22	0.998919	0.00479948	0	0	0.0652174	0.246909
0	0	9	13	20	22	0.998014	0.00676066	0	0	0.119048	0.390505
0	0	9	14	26	24	0.999273	0.00384227	0	0	0.04	0.195959
0	0	9	15	21	29	0.996043	0.0104003	0	0	0.2	0.4
0	0	9	16	21	36	0.998466	0.0051617	0	0	0.140351	0.347351
0	0	9	17	17	30	0.997118	0.00924595	0	0	0.148936	0.41147
0	0	9	18	26	22	0.998586	0.00636308	0	0	0.0625	0.242061
0	0	9	19	27	27	0.998337	0.00782271	0	0	0.0740741	0.261891
0	200	0	0	17	26	0.897294	0.043769	0.664372	0.0298344	6.60465	2.00162
0	200	0	1	29	19	0.936331	0.0447996	0.759458	0.0253467	4.58333	1.60511
0	200	0	2	25	25	0.889591	0.0342137	0.75804	0.0282347	8.12	1.27499
0	200	0	3	24	23	0.950209	0.0241882	0.671319	0.0321573	6.7234	1.84162
0	200	0	4	30	27	0.936621	0.0454436	0.728842	0.0238355	4.07018	1.4
0	200	0	5	27	31	0.926156	0.0431132	0.770276	0.0169521	6.60345	1.5306
0	200	0	6	21	40	0.919812	0.0370088	0.773311	0.023157	8.54098	1.73275
0	200	0	7	24	19	0.953401	0.0213485	0.821628	0.0202829	6.93023	1.33635
0	200	0	8	23	32	0.902858	0.0336554	0.758764	0.021451	7.72727	1.68905
0	200	0	9	25	33	0.873071	0.0305338	0.758862	0.0301333	9.22414	1.65095
0	200	0	10	25	26	0.813615	0.0784228	0.818667	0.0195786	8.88235	2.1111
0	200	0	11	29	22	0.873133	0.0481971	0.806471	0.0185328	9.68627	1.74322
0	200	0	12	24	38	0.832893	0.0367531	0.826968	0.0222094	9.24194	1.48851
0	200	0	13	15	23	0.901732	0.0464417	0.816263	0.0175149	6.34211	2.06826
0	200	0	14	27	28	0.91217	0.0366769	0.781491	0.0191766	7.01818	2.10187
0	200	0	15	24	36	0.906829	0.0559572	0.779433	0.0273157	4.65	1.48127
0	200	0	16	23	28	0.866295	0.0592385	0.735529	0.0375225	8.27451	1.72727
0	200	0	17	30	23	0.905459	0.0461482	0.780415	0.0176608	8.77358	1.43595
0	200	0	18	34	13	0.89691	0.0187449	0.765787	0.0255101	7.82979	1.3887
0	200	0	19	23	29	0.898247	0.0392112	0.831808	0.0165449	7.44231	1.65731
0	200	1	0	31	24	0.901931	0.0346334	0.659491	0.0293796	9.81818	2.01892
0	200	1	1	27	22	0.835631	0.0360351	0.753673	0.0186059	10.3878	2.00831
0	200	1	2	21	25	0.904372	0.0258593	0.776739	0.0163354	6.30435	1.61339
0	200	1	3	33	22	0.843245	0.0533599	0.817564	0.0252023	5.56364	1.34521
0	200	1	4	19	27	0.929825	0.0502438	0.812478	0.017831	4.34783	1.85586
0	200	1	5	32	24	0.843533	0.0460869	0.829071	0.0160844	8.73214	1.83703
0	200	1	6	32	28	0.922442	0.0274524	0.79	0.0287379	6.76667	1.43023
0	200	1	7	21	20	0.881472	0.0429915	0.758878	0.0145907	7.26829	1.71115
0	200	1	8	25	21	0.921711	0.0534448	0.690783	0.0354977	7.21739	2.43982
0	200	1	9	23	20	0.922215	0.0293254	0.807349	0.0199568	6.02326	1.57729
0	200	1	10	39	27	0.88489	0.036211	0.761909	0.131478	10.5	2.5
0	200	1	11	22	31	0.949023	0.036213	0.718717	0.0332834	5.69811	1.79711
0	200	1	12	22	25	0.930659	0.0327427	0.812383	0.0193496	5.70213	1.73714
0	200	1	13	33	30	0.898046	0.0378346	0.778476	0.0187336	6.98413	1.92306
0	200	1	14	31	16	0.884433	0.0482654	0.793064	0.0247777	8.10638	2.00249
0	200	1	15	23	25	0.933029	0.042093	0.689833	0.0259449	6.97917	1.37674
0	200	1	16	15	33	0.878374	0.0364399	0.814833	0.0160459	6.97917	1.03057
0	200	1	17	24	24	0.914718	0.0399723	0.786625	0.0154928	5.58333	1.83523
0	200	1	18	24	20	0.899431	0.0590684	0.828045	0.0186376	8.84091	1.83332
0	200	1	19	25	17	0.887064	0.0385778	0.838524	0.0201474	6.04762	1.74509
0	200	2	0	21	22	0.836562	0.0638455	0.749395	0.0191714	9.37209	1.83028
0	200	2	1	18	30	0.929954	0.0318243	0.705083	0.0237345	6.64583	1.45042
0	200	2	2	23	27	0.847757	0.0505485	0.76756	0.0278404	9.78	1.64061
0	200	2	3	19	31	0.940182	0.0425006	0.674	0.0454893	4.24	1.84997
0	200	2	4	22	38	0.916847	0.0581354	0.802367	0.019035	6.11667	2.01736
0	200	2	5	16	33	0.897359	0.046062	0.799224	0.0220123	7.7551	2.24545
0	200	2	6	15	27	0.941677	0.0367651	0.779667	0.028321	5.90476	1.92489
0	200	2	7	19	32	0.822053	0.0574662	0.745137	0.0268482	9.23529	1.87437
0	200	2	8	26	22	0.861919	0.0700807	0.779792	0.017408	9.8125	1.77548
0	200	2	9	22	23	0.826719	0.0418932	0.816089	0.0151318	8.86667	1.52898
0	200	2	10	32	26	0.877239	0.0419875	0.656483	0.0207358	8.56897	1.83934
0	200	2	11	34	28	0.870109	0.0393575	0.797677	0.0262081	10.9194	2.1575
0	200	2	12	25	20	0.907114	0.0374635	0.788933	0.0408501	8.75556	2.28187
0	200	2	13	27	39	0.943673	0.0269724	0.783667	0.021162	6.06061	1.40215
0	200	2	14	25	22	0.861049	0.0483504	0.813149	0.0142366	8.21277	1.7496
0	200	2	15	33	23	0.909293	0.0359428	0.745786	0.0235575	8.46429	1.73168
0	200	2	16	28	30	0.937077	0.0207096	0.831759	0.0151593	6.22414	1.53177
0	200	2	17	24	23	0.925456	0.0191908	0.818511	0.0261272	5.80851	1.59305
0	200	2	18	28	24	0.885999	0.0379302	0.804654	0.0200412	9.63462	2.57972
0	200	2	19	23	32	0.961305	0.0236945	0.815455	0.0152861	2.27273	1.15136
0	200	3	0	32	19	0.878276	0.0733764	0.604471	0.0612505	9.84314	1.85105
0	200	3	1	25	20	0.901031	0.0259478	0.782622	0.020356	6.4	1.61107
0	200	3	2	23	22	0.893579	0.0430645	0.712667	0.0475703	9.02222	2.68733
0	200	3	3	31	22	0.921974	0.0411941	0.720189	0.0251284	8.13208	1.60233
0	200	3	4	30	20	0.832805	0.0365148	0.78792	0.0179464	10.44	1.96122
0	200	3	5	34	17	0.903028	0.0437704	0.729686	0.0318092	5.88235	1.62875
0	200	3	6	25	23	0.878342	0.0425088	0.810958	0.0195192	7.83333	2.01384
0	200	3	7	21	24	0.87833	0.050118	0.788444	0.0182471	7.31111	1.6576
0	200	3	8	15	22	0.879776	0.0341614	0.675838	0.0805755	6.7027	1.53983
0	200	3	9	22	26	0.940981	0.032298	0.6805	0.0236942	9.8125	2.01718
0	200	3	10	26	20	0.870489	0.0472712	0.80913	0.0170251	6.54348	1.72836
0	200	3	11	27	23	0.935602	0.0336282	0.5578	0.0322893	4.76	1.77268
0	200	3	12	27	20	0.928084	0.0428063	0.738723	0.0180327	4.7234	2.11078
0	200	3	13	16	27	0.872599	0.0428523	0.806465	0.0130176	7.69767	2.28783
0	200	3	14	26	27	0.920907	0.0411992	0.76634	0.0522992	7.9434	1.89752
0	200	3	15	24	23	0.956012	0.0268145	0.795447	0.0203196	4.25532	1.36004
0	200	3	16	32	29	0.90604	0.0367795	0.787115	0.0203527	4.77049	1.34766
0	200	3	17	24	25	0.891121	0.0368033	0.763837	0.0634322	7.83673	2.04388
0	200	3	18	20	22	0.942785	0.0220035	0.74019	0.0166922	4.21429	1.53585
0	200	3	19	38	27	0.907427	0.0390854	0.682677	0.022415	7.36923	2.30431
0	200	4	0	33	29	0.898848	0.0370858	0.737968	0.016681	6.3871	1.76301
0	200	4	1	25	29	0.942952	0.0166744	0.81537	0.0192482	4	1.29099
0	200	4	2	15	35	0.940012	0.0262324	0.69664	0.0259675	5.98	1.81648
0	200	4	3	23	21	0.851372	0.0489133	0.792045	0.0218819	10.6364	2.10077
0	200	4	4	34	27	0.880988	0.0451468	0.741049	0.0294487	6.22951	1.712
0	200	4	5	23	28	0.879343	0.0282901	0.802745	0.0226481	8.29412	1.60017
0	200	4	6	19	24	0.891459	0.0329666	0.738837	0.0254421	10.907	1.9626
0	200	4	7	28	25	0.905782	0.0398431	0.791245	0.0183395	7.13208	1.70502
0	200	4	8	28	18	0.906158	0.0343435	0.696522	0.0426236	6.86957	1.46864
0	200	4	9	21	30	0.964401	0.0169457	0.62349	0.0726472	5.39216	1.50917
0	200	4	10	24	24	0.863897	0.0237232	0.748	0.0197146	6.125	1.43795
0	200	4	11	22	23	0.921382	0.0293963	0.680844	0.025687	8.93333	1.91369
0	200	4	12	20	22	0.929449	0.0353539	0.755143	0.0181588	6.47619	2.55639
0	200	4	13	32	21	0.864892	0.0451253	0.752377	0.0211341	8.77358	2.18608
0	200	4	14	28	39	0.900017	0.0397779	0.610149	0.100847	7.26866	1.98939
0	200	4	15	25	28	0.893282	0.0559843	0.821019	0.0141934	6.18868	1.82288
0	200	4	16	18	16	0.938327	0.0255117	0.702412	0.0221852	6.44118	1.63043
0	200	4	17	23	26	0.894001	0.0281868	0.773551	0.0243454	8.32653	1.63367
0	200	4	18	24	17	0.841706	0.0320335	0.773317	0.0222869	7.4878	1.76859
0	200	4	19	17	20	0.938878	0.0375288	0.737514	0.0267376	5.86486	2.14554
0	200	5	0	23	31	0.883766	0.0418905	0.758741	0.0220514	8.16667	2.00693
0	200	5	1	15	29	0.913454	0.0212533	0.799136	0.0205267	8.25	1.43218
0	200	5	2	27	21	0.841663	0.055945	0.67975	0.144308	11.4375	2.01976
0	200	5	3	23	29	0.899911	0.0478983	0.756692	0.0205422	7.98077	1.84485
0	200	5	4	21	26	0.893239	0.0404334	0.781191	0.022675	8.89362	1.75322
0	200	5	5	26	22	0.776307	0.0422364	0.792958	0.122948	12.4167	1.65622
0	200	5	6	15	22	0.881994	0.0464399	0.636919	0.0303122	7.78378	1.84735
0	200	5	7	23	26	0.898871	0.0381294	0.745918	0.0225948	9.12245	1.66148
0	200	5	8	27	24	0.928797	0.0279945	0.707647	0.0270735	7.54902	1.75246
0	200	5	9	20	27	0.882467	0.0224348	0.785106	0.0170596	6.68085	1.20471
0	200	5	10	23	23	0.943828	0.0216663	0.717783	0.0328216	6.19565	1.86057
0	200	5	11	19	23	0.857828	0.0429372	0.737048	0.0309477	9.16667	2.10347
0	200	5	12	24	21	0.954559	0.0216624	0.670844	0.0287904	5.15556	1.67273
0	200	5	13	21	25	0.865122	0.0448575	0.770957	0.0232257	5.32609	1.44545
0	200	5	14	19	22	0.870318	0.0474089	0.809902	0.0158711	8.7561	1.39302
0	200	5	15	33	25	0.944627	0.026922	0.713931	0.0361452	5.24138	1.54597
0	200	5	16	21	26	0.899697	0.036987	0.796723	0.0145948	9.14894	1.85631
0	200	5	17	23	27	0.927878	0.0467578	0.77796	0.0177019	6.38	1.85354
0	200	5	18	21	30	0.859498	0.0352476	0.688706	0.0271635	10.3725	1.59608
0	200	5	19	29	25	0.865914	0.0551403	0.698852	0.033752	10.2963	1.64012
0	200	6	0	24	31	0.919772	0.0345022	0.729018	0.0293093	6.96364	2.02676
0	200	6	1	21	28	0.957944	0.0298516	0.841429	0.0126749	4.04082	1.52475
0	200	6	2	26	25	0.935483	0.0279462	0.722549	0.0197993	6.45098	1.79666
0	200	6	3	21	26	0.902409	0.0240764	0.827362	0.0142387	7.82979	1.20847
0	200	6	4	28	22	0.940158	0.0352216	0.81812	0.0288067	4.76	1.51737
0	200	6	5	23	27	0.946055	0.0277946	0.771	0.0263462	5.06	1.66625
0	200	6	6	33	23	0.933826	0.040705	0.816036	0.0193224	5.375	2.09218
0	200	6	7	25	23	0.954398	0.0232705	0.751792	0.254219	4.08333	1.65622
0	200	6	8	29	29	0.908932	0.0334969	0.692207	0.0204221	7.56897	1.80146
0	200	6	9	27	16	0.928016	0.0357218	0.783581	0.0237646	7.37209	2.11334
0	200	6	10	25	21	0.938837	0.0309655	0.685304	0.0180107	6.86957	1.56884
0	200	6	11	25	25	0.864062	0.05429	0.64864	0.0239981	10.1	2.41868
0	200	6	12	28	24	0.923348	0.0373584	0.712577	0.0234991	7.82692	1.88844
0	200	6	13	23	36	0.924697	0.0379442	0.764847	0.0214783	7.47458	1.97747
0	200	6	14	29	24	0.925702	0.0404739	0.729321	0.0199545	7.77358	2.04332
0	200	6	15	30	21	0.923943	0.0254303	0.810039	0.0165801	6.78431	1.64869
0	200	6	16	30	19	0.942522	0.0376295	0.704612	0.0254019	6	1.77281
0	200	6	17	35	24	0.928964	0.0269525	0.588678	0.0254282	7.52542	1.81665
0	200	6	18	25	10	0.885202	0.0474058	0.631371	0.0865897	6.85714	1.47634
0	200	6	19	30	23	0.933147	0.0375589	0.629472	0.0263765	7.16981	1.93025
0	200	7	0	19	27	0.945944	0.0317997	0.715565	0.0310229	6.17391	1.60576
0	200	7	1	32	28	0.83488	0.0547097	0.738533	0.0243499	9.68333	1.73678
0	200	7	2	20	28	0.913917	0.0340953	0.802833	0.018654	7.70833	1.29032
0	200	7	3	25	29	0.922005	0.0436589	0.811852	0.127429	8.55556	1.44871
0	200	7	4	29	20	0.879222	0.0343548	0.854857	0.0214913	8.12245	1.54699
0	200	7	5	20	26	0.891356	0.0352265	0.785	0.021588	7.43478	1.68951
0	200	7	6	30	28	0.875699	0.0517741	0.777931	0.0202943	11.8103	1.86119
0	200	7	7	23	25	0.889613	0.0440251	0.795292	0.0180762	7.8125	1.26912
0	200	7	8	24	19	0.88849	0.0252155	0.840326	0.0126926	8.30233	2.04069
0	200	7	9	30	22	0.890982	0.0444165	0.801654	0.0206275	8.86538	1.69874
0	200	7	10	21	23	0.937278	0.0456674	0.721364	0.0214594	6.86364	1.84133
0	200	7	11	27	20	0.878507	0.0578307	0.717787	0.0256896	8.7234	1.9754
0	200	7	12	26	23	0.950603	0.0281275	0.684	0.0284282	6.06122	1.53075
0	200	7	13	29	23	0.927217	0.0284214	0.697615	0.0373261	5.75	1.37106
0	200	7	14	19	25	0.864169	0.0353306	0.630818	0.0396171	7.84091	1.77025
0	200	7	15	23	27	0.88483	0.0276232	0.84148	0.0145427	9.14	1.90798
0	200	7	16	25	25	0.943403	0.026895	0.57016	0.178892	7.44	2.02148
0	200	7	17	31	22	0.901178	0.0406118	0.536491	0.0548589	9.35849	2.15524
0	200	7	18	17	26	0.918501	0.0341548	0.727302	0.0263638	7.5814	1.74186
0	200	7	19	31	25	0.916124	0.022405	0.791607	0.018979	6.125	1.24014
0	200	8	0	24	22	0.876471	0.0439963	0.733174	0.191405	8.82609	2.36187
0	200	8	1	24	21	0.944403	0.0470761	0.760178	0.0299921	5.13333	1.48474
0	200	8	2	27	29	0.902701	0.0473305	0.737679	0.0404912	7.60714	1.45992
0	200	8	3	20	28	0.893737	0.0393574	0.728625	0.024056	9.58333	1.82384
0	200	8	4	35	26	0.88057	0.0496415	0.78623	0.0252492	5.5082	2.17755
0	200	8	5	24	28	0.961926	0.0271637	0.819385	0.0135734	5.32692	1.23602
0	200	8	6	28	24	0.945271	0.0330729	0.830269	0.0127703	4.86538	1.6294
0	200	8	7	29	22	0.805594	0.0470501	0.785255	0.0211251	12.451	1.60041
0	200	8	8	21	33	0.855869	0.0495955	0.834704	0.0165916	8.48148	1.75056
0	200	8	9	15	30	0.894515	0.0296847	0.744978	0.0257013	8.84444	1.49005
0	200	8	10	21	33	0.848499	0.0357803	0.735778	0.0171601	9.24074	1.81491
0	200	8	11	20	26	0.930161	0.0233289	0.727913	0.0292573	5.91304	1.39605
0	200	8	12	27	19	0.895916	0.0505229	0.690783	0.0946044	6.28261	1.71519
0	200	8	13	23	23	0.946741	0.0264024	0.835391	0.0128663	3.32609	1.25203
0	200	8	14	26	26	0.88338	0.0488996	0.807577	0.0703435	6.98077	1.86558
0	200	8	15	29	30	0.852671	0.0521082	0.745932	0.227254	10.5593	2.44444
0	200	8	16	18	33	0.973603	0.0136925	0.652784	0.0282651	4	1.44168
0	200	8	17	26	17	0.858593	0.0344415	0.744744	0.0266206	9.95349	1.77782
0	200	8	18	23	27	0.872974	0.034966	0.66776	0.027243	11.06	2.16712
0	200	8	19	28	32	0.87107	0.0639936	0.662567	0.0273108	8.31667	2.02066
0	200	9	0	24	28	0.912853	0.0479049	0.778654	0.02195	6.76923	1.83571
0	200	9	1	20	26	0.892382	0.0314031	0.813609	0.0179401	7.08696	1.21272
0	200	9	2	20	31	0.943839	0.0267734	0.749529	0.0256388	4.29412	1.63652
0	200	9	3	24	25	0.972955	0.0178733	0.82951	0.0193508	2.71429	1.04978
0	200	9	4	21	17	0.890029	0.0469234	0.728842	0.0360603	7.92105	1.45786
0	200	9	5	22	29	0.869697	0.0363002	0.82702	0.0133864	9.19608	1.59681
0	200	9	6	22	23	0.87909	0.0426557	0.746889	0.0166563	7.2	1.52898
0	200	9	7	25	17	0.871836	0.0476869	0.823667	0.0195176	5.92857	1.72368
0	200	9	8	25	25	0.957803	0.0296264	0.83288	0.0189659	3.94	1.02781
0	200	9	9	27	21	0.945525	0.0317326	0.82975	0.0289846	5.3125	1.7459
0	200	9	10	22	25	0.889193	0.0327937	0.834596	0.0166205	7.53191	1.82011
0	200	9	11	22	33	0.861205	0.0516455	0.825273	0.0191961	9.69091	2.29523
0	200	9	12	26	22	0.898416	0.0281504	0.848708	0.0169828	9.10417	1.93907
0	200	9	13	23	23	0.864807	0.0451904	0.757696	0.0408751	9.67391	1.72014
0	200	9	14	31	25	0.9478	0.03328	0.8065	0.0144975	5.48214	1.55829
0	200	9	15	12	29	0.909535	0.0320536	0.856732	0.0144813	6.09756	1.49479
0	200	9	16	20	22	0.889639	0.0463226	0.743762	0.0959843	10.3333	1.83442
0	200	9	17	21	26	0.907831	0.0381738	0.800596	0.0238396	7.2766	1.69733
0	200	9	18	22	15	0.922313	0.035501	0.802378	0.0182051	6.18919	1.97056
0	200	9	19	36	22	0.917148	0.0265704	0.691241	0.0197949	7.10345	1.49355
